0,12
0,214
3,72
3,74
3,278
3,752
4,120
4,179
4,420
4,996
5,349
5,696
9,49
9,96
9,150
9,151
9,485
10,42
10,232
10,579
11,16
11,25
11,340
12,232
12,367
13,157
13,158
13,723
14,482
15,178
15,515
16,25
16,340
17,47
17,165
17,458
17,466
17,672
17,762
17,959
18,47
18,103
18,165
18,186
18,194
18,202
18,239
18,258
18,266
18,295
18,310
18,457
18,458
18,604
18,615
18,672
18,682
18,713
18,762
18,777
18,778
18,793
18,797
18,830
18,832
18,848
18,940
18,950
18,959
19,23
19,31
19,32
19,34
19,35
19,37
19,39
19,45
19,51
19,55
19,70
19,73
19,79
19,84
19,90
19,100
19,112
19,118
19,128
19,142
19,146
19,149
19,156
19,160
19,166
19,174
19,175
19,176
19,190
19,193
19,210
19,212
19,218
19,236
19,240
19,243
19,247
19,263
19,285
19,286
19,288
19,293
19,301
19,307
19,321
19,328
19,330
19,345
19,363
19,417
19,449
19,455
19,491
19,536
19,559
19,582
19,590
19,622
19,651
19,688
19,720
19,766
19,791
19,800
19,813
19,828
19,844
19,962
19,993
20,43
20,179
20,732
21,389
22,235
22,297
22,903
23,24
23,707
24,322
24,481
25,340
26,31
26,32
26,34
26,35
26,37
26,39
26,45
26,51
26,55
26,60
26,66
26,70
26,73
26,79
26,88
26,90
26,91
26,100
26,112
26,118
26,128
26,138
26,142
26,144
26,149
26,156
26,160
26,161
26,166
26,175
26,178
26,186
26,190
26,210
26,212
26,226
26,236
26,240
26,243
26,263
26,265
26,285
26,286
26,288
26,293
26,300
26,301
26,307
26,315
26,321
26,328
26,330
26,332
26,345
26,363
26,414
26,466
26,467
26,491
26,576
26,582
26,583
26,590
26,622
26,720
26,774
26,791
26,800
26,828
26,844
26,962
26,993
27,82
27,216
27,399
27,423
27,437
27,485
27,510
27,535
27,542
27,547
27,573
27,603
27,709
27,740
27,743
27,802
27,822
27,997
28,75
29,442
30,204
30,683
31,32
31,34
31,35
31,37
31,39
31,45
31,51
31,55
31,60
31,66
31,70
31,71
31,73
31,79
31,84
31,88
31,90
31,91
31,100
31,112
31,118
31,128
31,138
31,142
31,144
31,146
31,149
31,155
31,156
31,160
31,161
31,162
31,166
31,174
31,175
31,176
31,178
31,189
31,190
31,193
31,210
31,212
31,215
31,226
31,236
31,240
31,243
31,247
31,265
31,285
31,286
31,288
31,293
31,301
31,307
31,315
31,321
31,325
31,328
31,330
31,332
31,345
31,355
31,363
31,414
31,415
31,417
31,440
31,446
31,449
31,451
31,455
31,467
31,491
31,515
31,559
31,576
31,582
31,583
31,590
31,622
31,688
31,720
31,750
31,766
31,774
31,791
31,796
31,799
31,800
31,821
31,824
31,828
31,844
31,962
31,980
31,993
32,34
32,35
32,37
32,39
32,45
32,51
32,55
32,60
32,66
32,70
32,71
32,73
32,79
32,84
32,88
32,90
32,91
32,100
32,103
32,112
32,118
32,128
32,138
32,142
32,144
32,146
32,149
32,155
32,156
32,160
32,161
32,162
32,166
32,174
32,175
32,176
32,178
32,189
32,190
32,193
32,210
32,212
32,215
32,218
32,226
32,236
32,240
32,243
32,247
32,263
32,265
32,285
32,286
32,288
32,293
32,294
32,301
32,304
32,307
32,321
32,325
32,328
32,330
32,332
32,345
32,347
32,355
32,363
32,414
32,415
32,417
32,440
32,446
32,449
32,451
32,455
32,456
32,467
32,491
32,515
32,526
32,559
32,576
32,582
32,583
32,590
32,599
32,619
32,622
32,688
32,698
32,718
32,720
32,750
32,766
32,774
32,791
32,796
32,799
32,800
32,821
32,828
32,844
32,848
32,962
32,980
32,993
34,35
34,37
34,39
34,45
34,51
34,55
34,60
34,64
34,66
34,70
34,71
34,73
34,79
34,84
34,88
34,90
34,91
34,100
34,112
34,118
34,128
34,138
34,142
34,144
34,146
34,149
34,156
34,160
34,161
34,162
34,166
34,174
34,175
34,176
34,178
34,186
34,189
34,190
34,193
34,210
34,212
34,226
34,236
34,240
34,243
34,263
34,265
34,285
34,286
34,288
34,293
34,301
34,307
34,321
34,325
34,328
34,330
34,332
34,345
34,347
34,354
34,363
34,414
34,415
34,417
34,446
34,455
34,456
34,467
34,491
34,515
34,559
34,567
34,576
34,582
34,583
34,590
34,622
34,688
34,713
34,720
34,740
34,750
34,766
34,774
34,791
34,799
34,800
34,824
34,828
34,844
34,962
34,993
35,37
35,39
35,45
35,47
35,51
35,55
35,60
35,66
35,70
35,71
35,73
35,79
35,84
35,88
35,90
35,91
35,100
35,112
35,118
35,128
35,130
35,138
35,142
35,144
35,146
35,149
35,155
35,156
35,160
35,161
35,162
35,166
35,174
35,175
35,176
35,178
35,189
35,190
35,193
35,194
35,210
35,212
35,215
35,218
35,226
35,236
35,240
35,243
35,247
35,263
35,265
35,285
35,286
35,288
35,293
35,301
35,307
35,315
35,321
35,325
35,328
35,330
35,332
35,345
35,355
35,363
35,414
35,415
35,417
35,440
35,446
35,449
35,451
35,455
35,456
35,467
35,491
35,515
35,559
35,576
35,582
35,583
35,590
35,622
35,688
35,720
35,750
35,766
35,774
35,791
35,796
35,799
35,800
35,821
35,824
35,828
35,844
35,848
35,962
35,993
37,39
37,45
37,51
37,54
37,55
37,60
37,65
37,66
37,70
37,71
37,73
37,79
37,84
37,88
37,90
37,91
37,100
37,112
37,118
37,128
37,138
37,142
37,144
37,146
37,149
37,155
37,156
37,160
37,161
37,162
37,166
37,174
37,175
37,176
37,178
37,186
37,189
37,190
37,193
37,198
37,210
37,212
37,218
37,226
37,236
37,240
37,243
37,247
37,263
37,265
37,285
37,286
37,288
37,293
37,294
37,299
37,300
37,301
37,307
37,315
37,321
37,325
37,328
37,330
37,332
37,345
37,355
37,363
37,414
37,415
37,417
37,440
37,446
37,450
37,451
37,455
37,456
37,465
37,467
37,482
37,491
37,515
37,526
37,552
37,557
37,559
37,567
37,576
37,582
37,583
37,586
37,590
37,619
37,622
37,688
37,698
37,714
37,717
37,718
37,720
37,750
37,766
37,774
37,779
37,791
37,796
37,799
37,800
37,828
37,844
37,962
37,980
37,993
38,76
38,146
38,178
38,202
38,210
38,242
38,263
38,294
38,299
38,328
38,335
38,412
38,450
38,451
38,456
38,522
38,526
38,559
38,583
38,610
38,619
38,622
38,708
38,714
38,720
38,774
38,791
38,844
38,891
38,964
38,965
39,45
39,51
39,55
39,60
39,66
39,70
39,73
39,79
39,84
39,88
39,90
39,91
39,100
39,112
39,118
39,128
39,138
39,142
39,144
39,146
39,149
39,155
39,156
39,160
39,161
39,162
39,166
39,174
39,175
39,176
39,178
39,189
39,190
39,193
39,210
39,212
39,226
39,236
39,240
39,243
39,265
39,285
39,286
39,288
39,293
39,301
39,307
39,321
39,325
39,328
39,330
39,332
39,345
39,355
39,363
39,414
39,415
39,417
39,440
39,446
39,449
39,455
39,467
39,491
39,515
39,559
39,576
39,582
39,583
39,590
39,622
39,688
39,713
39,720
39,766
39,774
39,799
39,800
39,828
39,844
39,962
39,993
40,250
41,694
42,232
42,351
42,579
44,215
45,51
45,55
45,60
45,65
45,66
45,70
45,71
45,73
45,79
45,84
45,88
45,90
45,91
45,100
45,112
45,118
45,128
45,130
45,138
45,142
45,144
45,146
45,149
45,156
45,160
45,161
45,162
45,166
45,174
45,175
45,176
45,178
45,189
45,190
45,193
45,210
45,212
45,218
45,226
45,236
45,240
45,243
45,247
45,263
45,265
45,285
45,286
45,288
45,293
45,301
45,307
45,321
45,325
45,328
45,330
45,332
45,345
45,363
45,414
45,415
45,417
45,440
45,446
45,455
45,467
45,491
45,515
45,517
45,559
45,576
45,582
45,583
45,590
45,619
45,622
45,688
45,720
45,750
45,766
45,774
45,791
45,796
45,799
45,800
45,824
45,828
45,844
45,848
45,962
45,993
46,927
47,73
47,128
47,129
47,148
47,165
47,194
47,202
47,258
47,259
47,366
47,395
47,403
47,458
47,466
47,472
47,493
47,522
47,525
47,529
47,552
47,586
47,604
47,624
47,631
47,669
47,672
47,682
47,708
47,713
47,718
47,744
47,762
47,777
47,778
47,779
47,797
47,830
47,832
47,848
47,940
47,950
47,959
48,76
48,80
48,81
48,103
48,106
48,129
48,140
48,141
48,164
48,165
48,170
48,194
48,195
48,197
48,202
48,216
48,242
48,250
48,258
48,266
48,277
48,291
48,304
48,308
48,317
48,328
48,336
48,348
48,403
48,427
48,435
48,450
48,451
48,455
48,457
48,458
48,466
48,525
48,529
48,538
48,548
48,551
48,552
48,559
48,574
48,580
48,586
48,610
48,629
48,631
48,633
48,655
48,665
48,667
48,672
48,675
48,685
48,705
48,708
48,713
48,714
48,718
48,737
48,749
48,751
48,755
48,762
48,777
48,778
48,779
48,797
48,801
48,830
48,832
48,862
48,871
48,887
48,907
48,911
48,940
48,959
48,965
48,973
49,96
49,150
49,151
51,55
51,60
51,65
51,66
51,70
51,71
51,73
51,79
51,84
51,88
51,90
51,91
51,100
51,112
51,118
51,128
51,138
51,142
51,144
51,146
51,149
51,155
51,156
51,160
51,161
51,162
51,166
51,174
51,175
51,176
51,178
51,189
51,190
51,193
51,210
51,212
51,218
51,226
51,236
51,240
51,243
51,247
51,263
51,265
51,285
51,286
51,288
51,293
51,301
51,307
51,315
51,321
51,325
51,328
51,330
51,332
51,345
51,355
51,363
51,414
51,415
51,417
51,440
51,446
51,449
51,451
51,455
51,456
51,467
51,491
51,515
51,526
51,552
51,559
51,576
51,582
51,583
51,590
51,619
51,622
51,688
51,698
51,718
51,720
51,750
51,766
51,774
51,791
51,796
51,799
51,800
51,828
51,844
51,962
51,993
52,618
52,967
54,76
54,91
54,118
54,138
54,142
54,149
54,160
54,166
54,174
54,178
54,202
54,210
54,240
54,242
54,285
54,286
54,293
54,299
54,307
54,321
54,328
54,330
54,332
54,363
54,415
54,417
54,450
54,455
54,456
54,467
54,515
54,522
54,552
54,559
54,582
54,583
54,590
54,622
54,665
54,714
54,720
54,774
54,779
54,791
54,796
54,800
54,828
54,844
54,962
54,993
55,60
55,66
55,70
55,71
55,73
55,79
55,84
55,88
55,90
55,91
55,100
55,112
55,117
55,118
55,128
55,138
55,142
55,144
55,146
55,149
55,156
55,160
55,161
55,162
55,166
55,174
55,175
55,176
55,178
55,189
55,190
55,193
55,210
55,212
55,236
55,240
55,243
55,247
55,263
55,265
55,285
55,286
55,288
55,293
55,294
55,301
55,307
55,321
55,325
55,328
55,330
55,332
55,345
55,363
55,414
55,415
55,417
55,446
55,449
55,455
55,467
55,491
55,515
55,526
55,559
55,576
55,582
55,583
55,590
55,599
55,619
55,622
55,688
55,720
55,774
55,791
55,796
55,799
55,800
55,828
55,844
55,962
55,993
56,478
56,721
56,813
57,539
57,656
57,662
57,691
57,738
57,753
58,842
60,66
60,70
60,73
60,79
60,118
60,128
60,142
60,144
60,149
60,156
60,160
60,166
60,190
60,210
60,212
60,236
60,243
60,285
60,286
60,293
60,307
60,321
60,467
60,491
60,582
60,590
60,653
60,828
60,962
60,993
61,129
61,346
63,112
63,118
63,243
63,587
63,742
63,828
64,908
65,79
65,84
65,118
65,138
65,149
65,166
65,176
65,236
65,321
65,415
65,455
65,491
65,582
65,993
66,70
66,71
66,73
66,79
66,84
66,88
66,90
66,91
66,100
66,112
66,118
66,128
66,130
66,138
66,142
66,144
66,146
66,149
66,156
66,160
66,161
66,166
66,174
66,175
66,176
66,178
66,189
66,190
66,193
66,210
66,212
66,226
66,236
66,240
66,243
66,247
66,263
66,265
66,285
66,286
66,288
66,293
66,301
66,307
66,315
66,321
66,325
66,328
66,330
66,332
66,345
66,353
66,363
66,414
66,415
66,417
66,440
66,446
66,451
66,455
66,456
66,467
66,491
66,515
66,526
66,559
66,576
66,582
66,583
66,590
66,609
66,619
66,622
66,688
66,705
66,718
66,720
66,766
66,774
66,796
66,799
66,800
66,803
66,828
66,844
66,962
66,993
67,584
68,261
68,298
70,71
70,73
70,79
70,84
70,88
70,90
70,91
70,100
70,112
70,118
70,128
70,130
70,138
70,142
70,144
70,146
70,149
70,156
70,160
70,161
70,162
70,166
70,174
70,175
70,176
70,178
70,189
70,190
70,210
70,212
70,215
70,218
70,226
70,236
70,240
70,243
70,263
70,265
70,266
70,285
70,286
70,288
70,290
70,293
70,301
70,307
70,315
70,321
70,325
70,328
70,330
70,332
70,345
70,354
70,363
70,414
70,415
70,417
70,446
70,449
70,467
70,491
70,515
70,559
70,576
70,582
70,583
70,590
70,599
70,619
70,622
70,688
70,720
70,766
70,774
70,777
70,799
70,800
70,828
70,832
70,844
70,962
70,993
71,73
71,79
71,84
71,88
71,100
71,112
71,118
71,128
71,138
71,142
71,146
71,149
71,156
71,160
71,174
71,190
71,210
71,212
71,236
71,240
71,243
71,247
71,263
71,265
71,285
71,286
71,293
71,301
71,307
71,321
71,330
71,332
71,345
71,363
71,414
71,415
71,417
71,455
71,456
71,467
71,491
71,515
71,552
71,559
71,564
71,582
71,590
71,614
71,622
71,705
71,718
71,766
71,774
71,828
71,962
71,993
72,752
72,850
72,980
73,79
73,84
73,88
73,90
73,91
73,100
73,112
73,118
73,128
73,130
73,138
73,142
73,144
73,146
73,149
73,155
73,156
73,160
73,161
73,162
73,166
73,174
73,175
73,176
73,178
73,189
73,190
73,193
73,197
73,210
73,212
73,215
73,218
73,226
73,236
73,240
73,243
73,247
73,263
73,265
73,266
73,285
73,286
73,288
73,293
73,301
73,307
73,315
73,321
73,325
73,328
73,330
73,332
73,345
73,347
73,355
73,363
73,395
73,403
73,414
73,415
73,417
73,440
73,446
73,449
73,466
73,467
73,491
73,515
73,559
73,576
73,582
73,583
73,590
73,622
73,688
73,713
73,720
73,750
73,762
73,766
73,774
73,777
73,797
73,799
73,800
73,821
73,828
73,830
73,844
73,848
73,962
73,993
75,595
75,836
76,80
76,94
76,129
76,140
76,146
76,168
76,185
76,197
76,202
76,215
76,242
76,246
76,270
76,294
76,297
76,299
76,317
76,324
76,328
76,335
76,336
76,339
76,348
76,395
76,399
76,412
76,414
76,417
76,427
76,435
76,450
76,451
76,466
76,471
76,488
76,538
76,547
76,548
76,551
76,559
76,571
76,574
76,582
76,583
76,603
76,606
76,617
76,629
76,633
76,652
76,655
76,667
76,685
76,696
76,709
76,714
76,720
76,737
76,740
76,743
76,755
76,774
76,801
76,844
76,848
76,862
76,864
76,871
76,887
76,891
76,965
76,991
76,997
77,103
77,140
77,304
77,403
77,411
77,538
77,551
77,574
77,629
77,667
77,672
77,737
77,755
77,862
77,950
77,965
78,648
79,84
79,88
79,90
79,91
79,100
79,112
79,118
79,128
79,130
79,138
79,142
79,144
79,146
79,149
79,155
79,156
79,160
79,161
79,162
79,166
79,174
79,175
79,176
79,178
79,189
79,190
79,193
79,210
79,212
79,215
79,226
79,236
79,240
79,243
79,247
79,263
79,265
79,285
79,286
79,288
79,293
79,294
79,301
79,304
79,307
79,315
79,321
79,325
79,328
79,330
79,332
79,345
79,355
79,363
79,414
79,415
79,417
79,440
79,446
79,451
79,455
79,467
79,491
79,515
79,517
79,548
79,559
79,567
79,574
79,576
79,582
79,583
79,590
79,622
79,688
79,713
79,720
79,762
79,766
79,774
79,791
79,796
79,799
79,800
79,821
79,824
79,828
79,844
79,848
79,962
79,993
80,81
80,98
80,102
80,103
80,106
80,129
80,140
80,141
80,164
80,165
80,170
80,194
80,195
80,197
80,202
80,242
80,250
80,258
80,259
80,266
80,277
80,291
80,304
80,308
80,310
80,317
80,328
80,335
80,336
80,348
80,403
80,427
80,435
80,450
80,451
80,455
80,456
80,458
80,466
80,525
80,529
80,538
80,551
80,552
80,557
80,559
80,574
80,580
80,586
80,610
80,622
80,629
80,631
80,633
80,655
80,665
80,667
80,672
80,675
80,678
80,685
80,688
80,705
80,708
80,713
80,714
80,718
80,737
80,749
80,751
80,755
80,762
80,777
80,778
80,779
80,797
80,801
80,830
80,832
80,844
80,862
80,871
80,887
80,911
80,940
80,959
80,965
80,973
80,997
81,84
81,106
81,129
81,140
81,164
81,165
81,170
81,194
81,195
81,197
81,202
81,242
81,250
81,266
81,277
81,291
81,304
81,308
81,310
81,317
81,328
81,336
81,348
81,403
81,427
81,435
81,450
81,451
81,455
81,458
81,466
81,491
81,525
81,529
81,538
81,548
81,551
81,552
81,559
81,586
81,610
81,622
81,629
81,631
81,633
81,655
81,667
81,672
81,675
81,685
81,705
81,708
81,713
81,714
81,718
81,720
81,737
81,749
81,751
81,755
81,762
81,777
81,778
81,779
81,797
81,801
81,830
81,832
81,844
81,862
81,871
81,887
81,891
81,911
81,940
81,959
81,965
81,997
82,91
82,164
82,168
82,180
82,192
82,214
82,216
82,235
82,246
82,250
82,258
82,262
82,275
82,277
82,298
82,314
82,324
82,331
82,339
82,365
82,367
82,385
82,399
82,423
82,426
82,429
82,455
82,471
82,475
82,485
82,510
82,524
82,531
82,532
82,542
82,547
82,560
82,566
82,568
82,573
82,574
82,580
82,598
82,603
82,606
82,617
82,627
82,628
82,652
82,659
82,681
82,696
82,709
82,740
82,743
82,757
82,788
82,802
82,816
82,822
82,831
82,874
82,903
82,907
82,931
82,957
82,984
82,986
82,997
83,163
83,202
83,395
83,473
83,504
84,88
84,91
84,100
84,112
84,118
84,128
84,129
84,138
84,141
84,142
84,144
84,146
84,149
84,156
84,160
84,161
84,174
84,175
84,178
84,189
84,190
84,193
84,210
84,212
84,218
84,236
84,240
84,243
84,247
84,265
84,285
84,286
84,288
84,293
84,299
84,301
84,307
84,321
84,328
84,330
84,332
84,345
84,355
84,363
84,414
84,415
84,417
84,440
84,446
84,450
84,455
84,456
84,458
84,465
84,466
84,467
84,491
84,515
84,552
84,557
84,559
84,567
84,576
84,582
84,583
84,586
84,590
84,622
84,688
84,698
84,708
84,713
84,718
84,720
84,749
84,766
84,774
84,777
84,779
84,796
84,800
84,828
84,830
84,832
84,844
84,940
84,962
84,993
85,494
85,586
86,272
86,347
86,376
87,461
88,100
88,112
88,118
88,128
88,138
88,142
88,146
88,149
88,156
88,160
88,166
88,174
88,175
88,178
88,189
88,190
88,193
88,210
88,212
88,236
88,240
88,243
88,263
88,265
88,285
88,286
88,288
88,293
88,301
88,307
88,321
88,328
88,330
88,332
88,345
88,363
88,415
88,440
88,446
88,451
88,455
88,456
88,467
88,491
88,515
88,526
88,559
88,576
88,582
88,583
88,590
88,622
88,705
88,714
88,720
88,766
88,774
88,791
88,796
88,800
88,824
88,828
88,844
88,962
88,993
89,108
89,553
90,91
90,112
90,116
90,118
90,128
90,142
90,144
90,149
90,156
90,160
90,161
90,166
90,174
90,176
90,189
90,190
90,193
90,210
90,212
90,218
90,226
90,236
90,240
90,243
90,263
90,265
90,285
90,286
90,293
90,307
90,321
90,328
90,330
90,332
90,345
90,363
90,376
90,414
90,415
90,467
90,491
90,559
90,582
90,583
90,590
90,619
90,622
90,750
90,774
90,796
90,828
90,962
90,993
91,100
91,112
91,118
91,128
91,138
91,141
91,142
91,144
91,146
91,149
91,155
91,156
91,160
91,162
91,166
91,174
91,175
91,178
91,190
91,193
91,202
91,210
91,212
91,218
91,226
91,236
91,240
91,243
91,247
91,263
91,265
91,285
91,286
91,288
91,293
91,294
91,299
91,301
91,307
91,321
91,328
91,330
91,332
91,345
91,363
91,415
91,417
91,440
91,450
91,455
91,456
91,465
91,467
91,491
91,515
91,526
91,548
91,550
91,552
91,557
91,559
91,576
91,582
91,583
91,586
91,590
91,622
91,688
91,698
91,705
91,714
91,718
91,720
91,749
91,766
91,774
91,777
91,778
91,779
91,791
91,796
91,828
91,830
91,844
91,940
91,962
91,993
92,747
93,543
93,563
93,639
93,660
93,706
93,776
93,790
93,918
93,927
94,177
94,202
94,242
94,335
94,395
94,423
94,450
94,456
94,574
94,709
94,891
96,150
96,151
99,314
100,112
100,118
100,128
100,138
100,142
100,144
100,146
100,149
100,156
100,160
100,161
100,166
100,174
100,175
100,176
100,178
100,190
100,193
100,210
100,212
100,236
100,240
100,243
100,247
100,263
100,265
100,285
100,286
100,288
100,293
100,294
100,299
100,301
100,307
100,321
100,328
100,330
100,332
100,345
100,363
100,414
100,415
100,417
100,446
100,455
100,465
100,467
100,491
100,515
100,526
100,557
100,559
100,576
100,582
100,583
100,590
100,619
100,622
100,688
100,720
100,766
100,774
100,791
100,796
100,799
100,800
100,828
100,844
100,962
100,993
101,556
102,103
102,115
102,129
102,140
102,165
102,170
102,194
102,195
102,197
102,202
102,258
102,266
102,291
102,336
102,348
102,403
102,435
102,455
102,458
102,466
102,515
102,525
102,551
102,552
102,557
102,574
102,586
102,629
102,633
102,708
102,713
102,718
102,737
102,749
102,755
102,762
102,777
102,778
102,779
102,797
102,830
102,832
102,848
102,871
102,911
102,940
102,950
102,959
103,129
103,140
103,165
103,170
103,195
103,197
103,202
103,258
103,266
103,291
103,304
103,336
103,348
103,403
103,411
103,435
103,458
103,466
103,485
103,538
103,551
103,552
103,574
103,629
103,633
103,651
103,667
103,672
103,685
103,713
103,718
103,737
103,755
103,762
103,777
103,778
103,797
103,801
103,830
103,848
103,862
103,909
103,911
103,940
103,950
103,965
104,790
105,339
105,485
105,510
106,140
106,165
106,170
106,195
106,197
106,202
106,308
106,317
106,336
106,348
106,403
106,435
106,529
106,538
106,551
106,629
106,633
106,667
106,685
106,705
106,720
106,737
106,751
106,755
106,797
106,801
106,862
106,871
106,911
106,965
106,973
108,392
108,443
109,154
112,118
112,128
112,138
112,142
112,144
112,146
112,149
112,156
112,160
112,161
112,165
112,166
112,174
112,175
112,176
112,178
112,189
112,190
112,193
112,210
112,212
112,218
112,226
112,236
112,240
112,243
112,247
112,263
112,265
112,285
112,286
112,288
112,293
112,299
112,301
112,307
112,321
112,328
112,330
112,332
112,345
112,363
112,414
112,415
112,417
112,440
112,446
112,450
112,451
112,455
112,456
112,457
112,465
112,467
112,490
112,491
112,515
112,526
112,552
112,557
112,559
112,567
112,576
112,582
112,583
112,586
112,590
112,619
112,622
112,688
112,698
112,705
112,708
112,714
112,718
112,720
112,749
112,750
112,766
112,774
112,777
112,779
112,791
112,796
112,799
112,800
112,828
112,830
112,844
112,853
112,940
112,962
112,993
113,115
113,213
113,226
113,381
113,615
113,848
113,950
113,960
115,129
115,165
115,181
115,194
115,213
115,222
115,226
115,239
115,258
115,259
115,280
115,299
115,368
115,373
115,458
115,465
115,466
115,490
115,597
115,601
115,615
115,631
115,641
115,646
115,654
115,672
115,708
115,713
115,738
115,761
115,762
115,768
115,777
115,778
115,832
115,848
115,912
115,940
115,950
115,959
115,960
117,442
117,475
117,805
117,817
117,978
118,128
118,138
118,141
118,142
118,144
118,146
118,149
118,155
118,156
118,160
118,161
118,162
118,166
118,174
118,175
118,176
118,178
118,186
118,189
118,190
118,193
118,210
118,212
118,215
118,218
118,226
118,236
118,240
118,243
118,247
118,263
118,265
118,285
118,286
118,288
118,293
118,294
118,299
118,300
118,301
118,304
118,307
118,321
118,325
118,328
118,330
118,332
118,345
118,355
118,363
118,414
118,415
118,417
118,440
118,446
118,450
118,455
118,456
118,465
118,467
118,482
118,490
118,491
118,515
118,517
118,526
118,552
118,557
118,559
118,567
118,576
118,582
118,583
118,586
118,590
118,609
118,622
118,688
118,698
118,714
118,718
118,720
118,750
118,758
118,766
118,774
118,779
118,791
118,796
118,800
118,828
118,844
118,962
118,980
118,993
119,427
119,455
119,456
119,515
119,557
119,586
119,698
119,718
119,777
120,179
120,359
120,420
121,506
124,709
126,244
128,138
128,142
128,144
128,146
128,149
128,155
128,156
128,160
128,161
128,162
128,166
128,174
128,175
128,176
128,178
128,189
128,190
128,193
128,210
128,212
128,215
128,236
128,240
128,243
128,247
128,263
128,265
128,285
128,286
128,288
128,293
128,294
128,299
128,301
128,307
128,315
128,321
128,325
128,328
128,330
128,332
128,345
128,355
128,363
128,414
128,415
128,417
128,440
128,446
128,451
128,455
128,456
128,467
128,482
128,491
128,515
128,517
128,559
128,576
128,582
128,583
128,590
128,619
128,622
128,688
128,690
128,720
128,750
128,766
128,774
128,796
128,799
128,800
128,821
128,824
128,828
128,844
128,962
128,986
128,993
129,140
129,164
129,165
129,170
129,188
129,194
129,195
129,197
129,202
129,258
129,259
129,266
129,277
129,291
129,304
129,317
129,336
129,340
129,348
129,403
129,415
129,417
129,419
129,427
129,435
129,440
129,450
129,455
129,458
129,466
129,515
129,525
129,529
129,538
129,551
129,552
129,557
129,559
129,574
129,586
129,610
129,629
129,631
129,633
129,667
129,668
129,672
129,682
129,685
129,705
129,708
129,713
129,714
129,718
129,737
129,749
129,751
129,755
129,762
129,777
129,778
129,779
129,796
129,797
129,801
129,830
129,832
129,848
129,862
129,871
129,911
129,940
129,950
129,959
129,962
129,965
130,156
130,275
130,330
130,399
130,471
130,547
130,740
131,368
131,482
131,490
131,641
131,708
131,738
131,768
132,360
132,919
136,431
136,457
137,306
138,141
138,142
138,144
138,146
138,149
138,156
138,160
138,161
138,166
138,174
138,175
138,178
138,190
138,193
138,210
138,212
138,218
138,226
138,236
138,240
138,243
138,247
138,263
138,265
138,285
138,286
138,288
138,293
138,294
138,299
138,300
138,301
138,307
138,321
138,328
138,330
138,332
138,345
138,363
138,414
138,415
138,417
138,440
138,446
138,449
138,450
138,451
138,455
138,456
138,465
138,467
138,491
138,515
138,552
138,557
138,559
138,567
138,576
138,582
138,583
138,586
138,590
138,622
138,688
138,698
138,705
138,718
138,720
138,749
138,766
138,774
138,777
138,779
138,796
138,799
138,800
138,828
138,830
138,844
138,940
138,962
138,993
139,179
139,359
139,420
140,141
140,164
140,165
140,170
140,194
140,195
140,197
140,202
140,242
140,250
140,258
140,266
140,277
140,291
140,304
140,308
140,310
140,317
140,328
140,336
140,348
140,399
140,403
140,411
140,427
140,435
140,450
140,451
140,455
140,458
140,466
140,525
140,529
140,538
140,551
140,552
140,557
140,559
140,574
140,580
140,586
140,610
140,629
140,631
140,632
140,633
140,655
140,665
140,667
140,672
140,675
140,685
140,688
140,705
140,708
140,713
140,714
140,718
140,737
140,749
140,751
140,755
140,762
140,777
140,778
140,779
140,797
140,801
140,830
140,832
140,862
140,871
140,887
140,911
140,940
140,959
140,965
140,973
141,146
141,149
141,160
141,174
141,175
141,177
141,178
141,193
141,195
141,202
141,210
141,236
141,240
141,242
141,247
141,286
141,293
141,299
141,307
141,321
141,328
141,330
141,332
141,345
141,348
141,363
141,415
141,417
141,440
141,450
141,451
141,455
141,456
141,457
141,458
141,465
141,467
141,491
141,515
141,538
141,552
141,557
141,559
141,582
141,583
141,586
141,590
141,622
141,629
141,631
141,633
141,667
141,672
141,685
141,688
141,698
141,705
141,708
141,713
141,718
141,720
141,737
141,749
141,755
141,762
141,774
141,777
141,779
141,796
141,801
141,828
141,829
141,830
141,832
141,844
141,871
141,940
141,962
141,965
141,993
142,144
142,146
142,149
142,155
142,156
142,160
142,161
142,162
142,166
142,174
142,175
142,176
142,178
142,189
142,190
142,193
142,210
142,212
142,215
142,218
142,236
142,240
142,243
142,247
142,263
142,265
142,285
142,286
142,288
142,293
142,301
142,307
142,321
142,325
142,328
142,330
142,332
142,339
142,345
142,355
142,363
142,414
142,415
142,417
142,440
142,446
142,455
142,456
142,467
142,491
142,515
142,526
142,559
142,576
142,582
142,583
142,590
142,619
142,622
142,688
142,720
142,766
142,774
142,791
142,796
142,799
142,800
142,824
142,828
142,844
142,962
142,980
142,993
143,216
143,324
143,568
144,149
144,155
144,156
144,160
144,161
144,162
144,166
144,175
144,186
144,189
144,190
144,193
144,210
144,212
144,226
144,236
144,240
144,243
144,265
144,285
144,286
144,288
144,293
144,301
144,307
144,321
144,328
144,330
144,332
144,345
144,363
144,414
144,415
144,417
144,446
144,467
144,491
144,526
144,576
144,582
144,583
144,590
144,622
144,713
144,720
144,800
144,821
144,828
144,844
144,962
144,993
146,149
146,156
146,160
146,166
146,168
146,174
146,175
146,178
146,190
146,193
146,210
146,212
146,218
146,236
146,240
146,242
146,243
146,247
146,263
146,265
146,285
146,286
146,288
146,293
146,294
146,299
146,301
146,307
146,321
146,328
146,330
146,332
146,345
146,363
146,412
146,415
146,417
146,440
146,450
146,451
146,455
146,456
146,465
146,467
146,491
146,515
146,548
146,552
146,557
146,559
146,582
146,583
146,586
146,590
146,622
146,655
146,688
146,698
146,714
146,715
146,718
146,720
146,766
146,774
146,779
146,796
146,800
146,824
146,828
146,830
146,844
146,887
146,891
146,940
146,962
146,993
148,165
148,194
148,458
148,493
148,672
148,708
148,762
148,778
148,821
148,832
148,959
149,155
149,156
149,160
149,161
149,162
149,166
149,174
149,175
149,176
149,178
149,186
149,189
149,190
149,193
149,210
149,212
149,215
149,218
149,226
149,236
149,240
149,243
149,247
149,263
149,265
149,285
149,286
149,288
149,293
149,294
149,299
149,301
149,307
149,315
149,321
149,325
149,328
149,330
149,332
149,345
149,355
149,363
149,414
149,415
149,417
149,440
149,446
149,450
149,451
149,455
149,456
149,465
149,467
149,482
149,490
149,491
149,515
149,517
149,526
149,552
149,557
149,559
149,567
149,576
149,582
149,583
149,586
149,590
149,619
149,622
149,688
149,698
149,700
149,705
149,714
149,718
149,720
149,750
149,758
149,766
149,774
149,779
149,791
149,796
149,799
149,800
149,813
149,828
149,844
149,962
149,980
149,993
150,151
150,233
152,222
152,239
152,280
152,299
152,368
152,373
152,417
152,457
152,458
152,465
152,489
152,490
152,539
152,557
152,594
152,597
152,615
152,641
152,644
152,654
152,656
152,662
152,691
152,708
152,738
152,753
152,761
152,768
152,792
152,944
152,960
152,963
152,982
154,794
155,156
155,162
155,166
155,176
155,210
155,212
155,215
155,236
155,240
155,243
155,285
155,286
155,293
155,301
155,307
155,321
155,330
155,355
155,412
155,446
155,491
155,515
155,527
155,559
155,582
155,590
155,622
155,655
155,717
155,828
155,887
155,968
155,993
156,160
156,161
156,162
156,166
156,174
156,175
156,176
156,178
156,189
156,190
156,193
156,210
156,212
156,215
156,226
156,236
156,240
156,243
156,247
156,263
156,265
156,285
156,286
156,288
156,293
156,301
156,307
156,315
156,321
156,325
156,328
156,330
156,332
156,345
156,355
156,363
156,414
156,415
156,417
156,440
156,446
156,449
156,451
156,455
156,467
156,491
156,515
156,559
156,576
156,582
156,583
156,590
156,619
156,622
156,688
156,720
156,750
156,766
156,774
156,791
156,796
156,799
156,800
156,828
156,844
156,848
156,962
156,993
158,223
159,925
160,161
160,166
160,174
160,175
160,176
160,178
160,189
160,190
160,193
160,210
160,212
160,236
160,240
160,243
160,247
160,263
160,265
160,285
160,286
160,288
160,293
160,294
160,299
160,300
160,301
160,307
160,315
160,321
160,328
160,330
160,332
160,345
160,363
160,414
160,415
160,417
160,440
160,446
160,450
160,455
160,456
160,465
160,467
160,482
160,491
160,515
160,526
160,552
160,557
160,559
160,567
160,576
160,582
160,583
160,586
160,590
160,599
160,622
160,688
160,698
160,718
160,720
160,749
160,766
160,774
160,779
160,796
160,800
160,828
160,830
160,844
160,962
160,993
161,166
161,174
161,175
161,178
161,186
161,190
161,193
161,210
161,212
161,226
161,236
161,240
161,243
161,263
161,265
161,285
161,286
161,288
161,293
161,301
161,307
161,321
161,328
161,330
161,332
161,345
161,363
161,414
161,415
161,417
161,449
161,455
161,467
161,491
161,559
161,576
161,582
161,583
161,590
161,619
161,622
161,720
161,738
161,750
161,774
161,800
161,828
161,844
161,962
161,993
162,166
162,190
162,210
162,212
162,215
162,236
162,240
162,243
162,265
162,285
162,286
162,293
162,301
162,307
162,321
162,330
162,345
162,355
162,371
162,412
162,446
162,455
162,491
162,527
162,548
162,582
162,590
162,622
162,655
162,717
162,743
162,828
162,887
162,891
162,962
162,993
164,165
164,180
164,192
164,194
164,195
164,197
164,199
164,214
164,216
164,235
164,246
164,250
164,258
164,262
164,275
164,277
164,291
164,298
164,314
164,324
164,331
164,336
164,339
164,348
164,365
164,399
164,403
164,404
164,415
164,423
164,426
164,429
164,435
164,440
164,451
164,458
164,466
164,471
164,485
164,510
164,524
164,525
164,526
164,529
164,531
164,532
164,538
164,542
164,547
164,551
164,552
164,557
164,560
164,566
164,568
164,573
164,580
164,598
164,603
164,606
164,608
164,617
164,627
164,628
164,629
164,633
164,659
164,667
164,681
164,685
164,696
164,709
164,713
164,737
164,740
164,743
164,749
164,755
164,757
164,762
164,777
164,778
164,788
164,797
164,800
164,801
164,802
164,816
164,822
164,830
164,831
164,832
164,862
164,871
164,874
164,903
164,907
164,911
164,914
164,931
164,940
164,957
164,959
164,965
164,986
164,997
165,170
165,177
165,191
165,194
165,195
165,197
165,202
165,210
165,213
165,239
165,242
165,258
165,259
165,266
165,277
165,291
165,299
165,304
165,310
165,317
165,328
165,335
165,336
165,348
165,366
165,395
165,399
165,403
165,415
165,417
165,427
165,435
165,440
165,450
165,451
165,455
165,457
165,458
165,466
165,472
165,488
165,493
165,515
165,522
165,525
165,529
165,538
165,551
165,552
165,557
165,559
165,586
165,622
165,629
165,631
165,633
165,650
165,651
165,667
165,669
165,672
165,682
165,685
165,688
165,698
165,705
165,708
165,713
165,714
165,718
165,737
165,744
165,749
165,751
165,755
165,762
165,777
165,778
165,779
165,796
165,797
165,801
165,803
165,830
165,832
165,844
165,848
165,862
165,871
165,911
165,940
165,949
165,950
165,959
165,965
166,175
166,178
166,190
166,193
166,210
166,212
166,226
166,236
166,240
166,243
166,265
166,285
166,286
166,288
166,293
166,294
166,301
166,307
166,321
166,325
166,328
166,330
166,332
166,345
166,355
166,363
166,414
166,415
166,417
166,440
166,446
166,455
166,467
166,468
166,491
166,515
166,559
166,582
166,583
166,590
166,603
166,622
166,688
166,709
166,713
166,720
166,740
166,757
166,766
166,774
166,796
166,800
166,828
166,844
166,962
166,993
168,215
168,242
168,294
168,339
168,399
168,412
168,450
168,471
168,548
168,571
168,655
168,684
168,709
168,714
168,740
168,774
168,864
168,887
168,891
168,957
168,991
169,473
169,663
169,897
170,194
170,195
170,197
170,202
170,266
170,277
170,291
170,304
170,308
170,317
170,336
170,348
170,403
170,435
170,450
170,451
170,455
170,458
170,466
170,491
170,525
170,538
170,551
170,552
170,557
170,574
170,586
170,610
170,629
170,631
170,633
170,655
170,667
170,672
170,675
170,685
170,705
170,713
170,714
170,718
170,737
170,749
170,751
170,755
170,762
170,777
170,778
170,797
170,801
170,830
170,832
170,848
170,862
170,871
170,887
170,911
170,940
170,959
170,965
171,366
171,625
171,828
171,884
172,619
173,278
173,545
173,546
173,601
173,639
173,706
173,776
173,918
174,175
174,176
174,178
174,189
174,190
174,193
174,202
174,210
174,212
174,218
174,226
174,236
174,240
174,243
174,247
174,263
174,265
174,285
174,286
174,288
174,293
174,294
174,299
174,301
174,307
174,321
174,328
174,330
174,332
174,345
174,363
174,415
174,417
174,440
174,450
174,455
174,456
174,457
174,465
174,467
174,482
174,491
174,515
174,552
174,557
174,559
174,567
174,582
174,583
174,586
174,590
174,599
174,619
174,622
174,688
174,698
174,714
174,718
174,720
174,749
174,750
174,766
174,774
174,777
174,779
174,791
174,796
174,800
174,828
174,830
174,844
174,940
174,962
174,993
175,176
175,178
175,189
175,190
175,193
175,210
175,212
175,226
175,236
175,240
175,243
175,247
175,265
175,285
175,286
175,288
175,293
175,294
175,300
175,301
175,307
175,321
175,328
175,330
175,332
175,345
175,347
175,358
175,363
175,414
175,415
175,417
175,440
175,446
175,455
175,456
175,465
175,467
175,491
175,515
175,552
175,557
175,559
175,576
175,582
175,583
175,586
175,590
175,622
175,688
175,698
175,718
175,720
175,749
175,766
175,774
175,777
175,779
175,791
175,796
175,800
175,828
175,830
175,844
175,940
175,962
175,993
176,190
176,210
176,212
176,215
176,236
176,243
176,265
176,285
176,286
176,288
176,293
176,301
176,321
176,328
176,330
176,345
176,415
176,446
176,582
176,590
176,799
176,993
177,197
177,202
177,242
177,266
177,291
177,299
177,395
177,403
177,427
177,440
177,450
177,455
177,456
177,458
177,515
177,522
177,529
177,552
177,557
177,559
177,583
177,586
177,633
177,672
177,705
177,714
177,718
177,720
177,749
177,762
177,766
177,777
177,778
177,779
177,797
177,830
177,832
177,848
177,871
177,940
177,950
178,190
178,193
178,210
178,212
178,218
178,226
178,236
178,240
178,242
178,243
178,247
178,263
178,265
178,276
178,285
178,286
178,288
178,291
178,293
178,294
178,299
178,301
178,307
178,321
178,328
178,330
178,332
178,345
178,363
178,369
178,414
178,415
178,417
178,440
178,446
178,450
178,451
178,455
178,456
178,465
178,467
178,482
178,491
178,515
178,517
178,552
178,557
178,559
178,567
178,576
178,582
178,583
178,586
178,590
178,619
178,622
178,665
178,688
178,698
178,714
178,718
178,720
178,749
178,766
178,774
178,779
178,791
178,796
178,799
178,800
178,828
178,830
178,844
178,940
178,943
178,962
178,980
178,993
179,291
179,420
180,192
180,199
180,214
180,216
180,246
180,250
180,262
180,275
180,277
180,298
180,314
180,324
180,331
180,339
180,365
180,385
180,399
180,423
180,426
180,429
180,455
180,471
180,485
180,491
180,510
180,524
180,532
180,542
180,547
180,560
180,566
180,568
180,573
180,574
180,580
180,586
180,598
180,603
180,604
180,606
180,608
180,611
180,617
180,622
180,625
180,627
180,628
180,659
180,681
180,696
180,700
180,709
180,740
180,743
180,755
180,757
180,778
180,785
180,788
180,800
180,802
180,816
180,822
180,830
180,831
180,874
180,903
180,907
180,940
180,957
180,997
181,274
182,376
182,719
186,193
186,194
186,202
186,226
186,239
186,299
186,307
186,328
186,415
186,417
186,450
186,455
186,457
186,458
186,491
186,542
186,559
186,586
186,590
186,672
186,682
186,777
186,778
186,830
186,844
186,940
186,993
188,466
188,848
188,950
189,190
189,210
189,212
189,218
189,236
189,240
189,243
189,247
189,265
189,285
189,286
189,288
189,293
189,301
189,307
189,321
189,328
189,330
189,332
189,345
189,363
189,414
189,415
189,455
189,467
189,491
189,515
189,559
189,567
189,576
189,582
189,583
189,590
189,622
189,688
189,720
189,766
189,774
189,791
189,796
189,800
189,828
189,844
189,962
189,993
190,193
190,210
190,212
190,218
190,236
190,240
190,243
190,247
190,263
190,265
190,285
190,286
190,288
190,293
190,294
190,299
190,301
190,307
190,321
190,325
190,328
190,330
190,332
190,345
190,363
190,414
190,415
190,417
190,440
190,446
190,455
190,456
190,467
190,491
190,515
190,517
190,526
190,557
190,559
190,576
190,582
190,583
190,590
190,619
190,622
190,688
190,718
190,720
190,750
190,766
190,774
190,791
190,796
190,799
190,800
190,828
190,844
190,962
190,993
191,194
191,258
191,458
191,493
191,631
191,672
191,762
191,778
191,832
192,214
192,216
192,235
192,250
192,275
192,277
192,291
192,298
192,314
192,324
192,331
192,339
192,399
192,423
192,426
192,429
192,471
192,485
192,510
192,542
192,547
192,560
192,566
192,573
192,574
192,580
192,603
192,606
192,617
192,628
192,696
192,709
192,740
192,743
192,757
192,788
192,816
192,822
192,831
192,874
192,903
192,907
192,997
193,194
193,202
193,210
193,212
193,218
193,221
193,226
193,236
193,240
193,243
193,247
193,258
193,263
193,265
193,285
193,286
193,288
193,291
193,293
193,294
193,299
193,300
193,301
193,307
193,321
193,328
193,330
193,332
193,345
193,363
193,414
193,415
193,417
193,440
193,446
193,450
193,455
193,456
193,458
193,465
193,467
193,491
193,515
193,550
193,552
193,557
193,559
193,567
193,582
193,583
193,586
193,590
193,619
193,622
193,665
193,688
193,698
193,705
193,708
193,714
193,718
193,720
193,749
193,762
193,766
193,774
193,777
193,778
193,779
193,791
193,796
193,813
193,828
193,830
193,832
193,844
193,940
193,959
193,962
193,968
193,993
194,195
194,197
194,202
194,250
194,256
194,258
194,259
194,266
194,277
194,291
194,299
194,310
194,336
194,348
194,366
194,399
194,403
194,415
194,417
194,427
194,435
194,450
194,455
194,457
194,458
194,466
194,472
194,493
194,515
194,522
194,525
194,529
194,538
194,551
194,552
194,557
194,559
194,586
194,629
194,631
194,633
194,650
194,651
194,665
194,667
194,669
194,672
194,682
194,685
194,688
194,705
194,708
194,713
194,714
194,718
194,737
194,744
194,749
194,751
194,755
194,762
194,777
194,778
194,779
194,796
194,797
194,801
194,803
194,830
194,832
194,848
194,862
194,871
194,911
194,940
194,950
194,959
194,965
194,988
195,197
195,202
195,242
195,250
195,258
195,266
195,277
195,291
195,304
195,308
195,317
195,336
195,348
195,403
195,427
195,435
195,450
195,451
195,455
195,458
195,466
195,525
195,529
195,538
195,551
195,552
195,559
195,574
195,586
195,610
195,629
195,631
195,633
195,655
195,667
195,672
195,675
195,678
195,685
195,705
195,708
195,713
195,714
195,718
195,737
195,749
195,751
195,755
195,762
195,777
195,778
195,779
195,797
195,801
195,830
195,832
195,862
195,871
195,887
195,911
195,940
195,959
195,965
195,973
197,202
197,242
197,258
197,259
197,266
197,291
197,299
197,304
197,308
197,310
197,317
197,328
197,335
197,336
197,348
197,395
197,403
197,412
197,417
197,427
197,435
197,450
197,451
197,455
197,456
197,457
197,458
197,466
197,488
197,515
197,522
197,525
197,529
197,538
197,548
197,551
197,552
197,559
197,574
197,580
197,586
197,622
197,629
197,631
197,633
197,655
197,665
197,667
197,672
197,685
197,688
197,705
197,708
197,713
197,714
197,718
197,737
197,749
197,751
197,755
197,762
197,774
197,777
197,778
197,779
197,797
197,801
197,830
197,832
197,844
197,848
197,862
197,864
197,871
197,887
197,891
197,911
197,940
197,949
197,950
197,959
197,965
198,328
199,216
199,246
199,250
199,262
199,277
199,298
199,314
199,324
199,331
199,339
199,365
199,399
199,426
199,485
199,510
199,532
199,542
199,547
199,560
199,570
199,580
199,597
199,603
199,606
199,617
199,662
199,696
199,709
199,740
199,743
199,757
199,788
199,822
199,860
199,882
199,907
199,931
199,963
199,997
200,876
202,239
202,242
202,258
202,259
202,266
202,291
202,299
202,304
202,310
202,317
202,328
202,335
202,336
202,348
202,395
202,403
202,411
202,412
202,415
202,417
202,427
202,435
202,450
202,451
202,455
202,456
202,457
202,458
202,465
202,466
202,488
202,491
202,515
202,522
202,525
202,529
202,538
202,548
202,551
202,552
202,557
202,559
202,574
202,583
202,586
202,590
202,622
202,629
202,631
202,633
202,655
202,665
202,667
202,672
202,675
202,682
202,685
202,688
202,698
202,699
202,705
202,708
202,713
202,714
202,718
202,720
202,737
202,749
202,751
202,755
202,762
202,766
202,774
202,777
202,778
202,779
202,796
202,797
202,801
202,807
202,830
202,832
202,844
202,848
202,862
202,871
202,887
202,891
202,911
202,940
202,950
202,959
202,965
202,973
202,980
204,925
206,521
206,782
208,605
210,212
210,215
210,218
210,226
210,236
210,240
210,243
210,247
210,263
210,265
210,285
210,286
210,288
210,291
210,293
210,294
210,299
210,301
210,307
210,315
210,321
210,325
210,328
210,330
210,332
210,345
210,355
210,363
210,414
210,415
210,417
210,440
210,446
210,449
210,450
210,451
210,455
210,456
210,458
210,465
210,467
210,482
210,491
210,515
210,526
210,548
210,552
210,557
210,559
210,567
210,572
210,576
210,582
210,583
210,586
210,590
210,619
210,622
210,655
210,688
210,698
210,705
210,708
210,714
210,718
210,720
210,749
210,750
210,766
210,774
210,777
210,779
210,791
210,796
210,799
210,800
210,828
210,830
210,844
210,891
210,940
210,959
210,962
210,993
212,215
212,218
212,226
212,236
212,240
212,243
212,247
212,263
212,265
212,285
212,286
212,288
212,293
212,299
212,301
212,307
212,321
212,325
212,328
212,330
212,332
212,345
212,355
212,363
212,414
212,415
212,417
212,440
212,446
212,449
212,455
212,456
212,467
212,491
212,515
212,526
212,552
212,559
212,567
212,576
212,582
212,583
212,586
212,590
212,619
212,622
212,688
212,698
212,718
212,720
212,766
212,774
212,779
212,791
212,796
212,799
212,800
212,824
212,828
212,844
212,945
212,962
212,993
213,258
213,458
213,466
213,601
213,672
213,762
213,777
213,830
213,848
213,940
213,950
214,216
214,246
214,250
214,275
214,277
214,298
214,314
214,324
214,331
214,339
214,365
214,399
214,423
214,426
214,429
214,471
214,485
214,510
214,524
214,526
214,541
214,542
214,547
214,560
214,568
214,573
214,574
214,580
214,598
214,603
214,606
214,611
214,617
214,627
214,659
214,666
214,681
214,696
214,700
214,704
214,709
214,714
214,740
214,743
214,757
214,774
214,785
214,788
214,794
214,800
214,822
214,866
214,874
214,907
214,957
214,997
215,236
215,243
215,265
215,285
215,286
215,293
215,298
215,299
215,307
215,308
215,321
215,330
215,335
215,339
215,355
215,391
215,412
215,504
215,548
215,571
215,582
215,590
215,598
215,641
215,655
215,717
215,743
215,864
215,887
215,891
215,993
216,235
216,246
216,250
216,262
216,275
216,277
216,291
216,298
216,314
216,324
216,331
216,336
216,339
216,348
216,365
216,399
216,403
216,423
216,426
216,429
216,435
216,471
216,485
216,510
216,524
216,525
216,532
216,538
216,542
216,547
216,551
216,560
216,566
216,568
216,573
216,574
216,580
216,598
216,603
216,606
216,608
216,611
216,617
216,627
216,628
216,629
216,656
216,659
216,667
216,681
216,685
216,696
216,709
216,737
216,740
216,743
216,755
216,757
216,762
216,778
216,788
216,802
216,816
216,822
216,831
216,862
216,874
216,903
216,907
216,911
216,931
216,957
216,986
216,997
217,424
218,236
218,240
218,243
218,285
218,286
218,293
218,294
218,321
218,328
218,330
218,332
218,345
218,363
218,417
218,440
218,450
218,455
218,465
218,467
218,491
218,515
218,552
218,557
218,559
218,567
218,582
218,590
218,594
218,622
218,632
218,688
218,718
218,766
218,779
218,796
218,800
218,813
218,828
218,844
218,962
218,993
219,352
220,641
220,742
221,419
221,433
221,456
221,796
222,280
222,368
222,373
222,597
222,615
222,641
222,654
222,662
222,708
222,738
222,761
222,768
222,960
222,963
224,262
224,745
224,776
226,236
226,240
226,243
226,265
226,285
226,286
226,288
226,293
226,294
226,321
226,328
226,330
226,345
226,417
226,467
226,491
226,515
226,552
226,559
226,582
226,590
226,619
226,622
226,682
226,718
226,750
226,828
226,848
226,950
226,962
226,993
228,417
228,808
229,312
229,630
229,831
229,860
229,890
231,596
232,579
232,824
232,833
233,979
234,758
234,929
235,250
235,269
235,277
235,324
235,331
235,339
235,399
235,423
235,426
235,471
235,485
235,510
235,532
235,542
235,560
235,568
235,580
235,603
235,606
235,617
235,628
235,659
235,696
235,709
235,740
235,743
235,757
235,788
235,822
235,898
235,957
235,997
236,240
236,243
236,247
236,263
236,265
236,285
236,286
236,288
236,290
236,293
236,294
236,299
236,301
236,307
236,315
236,321
236,325
236,328
236,330
236,332
236,345
236,347
236,355
236,363
236,414
236,415
236,417
236,440
236,446
236,449
236,450
236,451
236,455
236,456
236,465
236,467
236,482
236,490
236,491
236,515
236,517
236,526
236,552
236,557
236,559
236,567
236,576
236,582
236,583
236,586
236,590
236,619
236,622
236,688
236,698
236,718
236,720
236,750
236,766
236,774
236,779
236,791
236,796
236,799
236,800
236,828
236,844
236,962
236,980
236,993
237,980
239,299
239,450
239,455
239,457
239,458
239,465
239,489
239,490
239,586
239,594
239,662
239,672
239,682
239,708
239,778
239,832
239,944
239,973
240,242
240,243
240,247
240,263
240,265
240,285
240,286
240,288
240,293
240,294
240,299
240,300
240,301
240,307
240,321
240,328
240,330
240,332
240,345
240,355
240,363
240,412
240,414
240,415
240,417
240,440
240,446
240,450
240,455
240,456
240,465
240,467
240,482
240,491
240,515
240,526
240,548
240,552
240,557
240,559
240,567
240,576
240,582
240,583
240,586
240,590
240,622
240,655
240,688
240,698
240,705
240,714
240,718
240,720
240,749
240,766
240,774
240,777
240,779
240,796
240,800
240,828
240,830
240,844
240,887
240,940
240,962
240,993
242,263
242,266
242,294
242,299
242,310
242,317
242,328
242,332
242,336
242,348
242,395
242,403
242,417
242,427
242,435
242,450
242,451
242,456
242,458
242,465
242,522
242,529
242,538
242,548
242,551
242,552
242,559
242,574
242,582
242,583
242,619
242,622
242,629
242,633
242,655
242,665
242,667
242,675
242,685
242,705
242,708
242,714
242,720
242,737
242,751
242,755
242,774
242,779
242,797
242,801
242,830
242,832
242,844
242,862
242,864
242,871
242,887
242,891
242,912
242,940
242,962
242,965
242,973
243,247
243,263
243,265
243,285
243,286
243,288
243,293
243,301
243,307
243,315
243,321
243,325
243,328
243,330
243,332
243,345
243,355
243,358
243,363
243,414
243,415
243,417
243,440
243,446
243,449
243,455
243,467
243,491
243,515
243,526
243,559
243,576
243,582
243,583
243,590
243,619
243,622
243,688
243,720
243,750
243,766
243,774
243,791
243,796
243,799
243,800
243,821
243,828
243,844
243,962
243,993
244,748
244,784
245,934
246,250
246,270
246,275
246,277
246,314
246,324
246,331
246,339
246,365
246,391
246,399
246,423
246,426
246,429
246,471
246,485
246,510
246,524
246,526
246,531
246,532
246,542
246,543
246,547
246,560
246,566
246,568
246,573
246,574
246,580
246,598
246,603
246,606
246,617
246,627
246,659
246,681
246,696
246,709
246,740
246,743
246,757
246,788
246,802
246,816
246,822
246,860
246,874
246,907
246,912
246,957
246,984
246,997
247,285
247,286
247,293
247,301
247,307
247,321
247,328
247,330
247,332
247,345
247,363
247,415
247,417
247,440
247,455
247,467
247,482
247,491
247,515
247,552
247,557
247,559
247,582
247,583
247,586
247,590
247,622
247,688
247,698
247,718
247,749
247,766
247,777
247,779
247,791
247,796
247,828
247,830
247,844
247,940
247,962
247,993
248,280
248,368
248,490
248,597
248,615
248,641
248,644
248,654
248,662
248,708
248,738
248,761
248,960
249,272
249,477
249,495
249,588
249,860
249,873
249,890
249,937
249,980
250,262
250,275
250,277
250,298
250,314
250,324
250,331
250,336
250,339
250,348
250,365
250,385
250,399
250,423
250,426
250,429
250,435
250,451
250,471
250,485
250,510
250,524
250,532
250,538
250,542
250,547
250,551
250,560
250,566
250,568
250,573
250,574
250,580
250,598
250,603
250,606
250,611
250,617
250,627
250,628
250,629
250,652
250,659
250,667
250,681
250,685
250,696
250,709
250,737
250,740
250,743
250,751
250,755
250,757
250,785
250,788
250,800
250,801
250,802
250,816
250,822
250,831
250,862
250,866
250,874
250,903
250,907
250,911
250,931
250,947
250,957
250,959
250,986
250,997
255,623
255,847
257,987
258,259
258,266
258,277
258,304
258,328
258,336
258,348
258,366
258,395
258,399
258,403
258,415
258,417
258,435
258,455
258,457
258,458
258,466
258,472
258,488
258,493
258,515
258,522
258,525
258,529
258,538
258,551
258,552
258,557
258,559
258,574
258,586
258,629
258,631
258,633
258,667
258,669
258,672
258,682
258,685
258,688
258,705
258,708
258,713
258,714
258,718
258,737
258,749
258,755
258,762
258,777
258,778
258,779
258,797
258,801
258,803
258,830
258,832
258,848
258,862
258,871
258,907
258,911
258,940
258,949
258,950
258,959
258,965
259,266
259,294
259,366
259,403
259,450
259,458
259,525
259,529
259,584
259,631
259,672
259,708
259,744
259,762
259,778
259,797
259,832
259,959
260,316
261,938
262,277
262,324
262,331
262,339
262,399
262,423
262,429
262,471
262,532
262,542
262,547
262,580
262,603
262,606
262,617
262,652
262,696
262,709
262,740
262,757
262,822
262,907
262,997
263,265
263,285
263,286
263,293
263,307
263,321
263,328
263,330
263,332
263,345
263,363
263,414
263,417
263,450
263,467
263,491
263,515
263,559
263,582
263,583
263,590
263,617
263,619
263,622
263,627
263,714
263,720
263,766
263,774
263,791
263,796
263,800
263,828
263,844
263,891
263,962
263,993
264,506
265,285
265,286
265,288
265,293
265,301
265,307
265,321
265,325
265,328
265,330
265,332
265,345
265,358
265,363
265,414
265,415
265,417
265,440
265,446
265,455
265,456
265,467
265,491
265,515
265,517
265,559
265,576
265,582
265,583
265,590
265,619
265,622
265,720
265,750
265,766
265,774
265,800
265,828
265,844
265,962
265,993
266,291
266,304
266,308
266,317
266,335
266,336
266,348
266,395
266,403
266,411
266,427
266,435
266,450
266,451
266,455
266,457
266,458
266,466
266,488
266,515
266,522
266,525
266,529
266,538
266,551
266,552
266,559
266,574
266,586
266,629
266,631
266,633
266,667
266,672
266,685
266,688
266,705
266,708
266,713
266,714
266,718
266,737
266,749
266,751
266,755
266,762
266,777
266,778
266,779
266,796
266,797
266,801
266,830
266,832
266,848
266,862
266,871
266,911
266,940
266,949
266,950
266,959
266,965
269,416
269,770
270,299
270,324
270,335
270,378
270,412
270,450
270,471
270,547
270,548
270,617
270,655
270,659
270,696
270,709
270,720
270,740
270,743
270,791
270,864
270,882
270,891
271,339
271,580
271,610
272,312
272,477
272,630
272,731
272,821
272,860
272,877
272,890
272,937
272,939
272,953
272,968
272,985
273,840
273,981
275,277
275,298
275,314
275,322
275,324
275,331
275,339
275,399
275,423
275,429
275,453
275,471
275,475
275,485
275,510
275,531
275,532
275,542
275,547
275,560
275,568
275,573
275,580
275,603
275,606
275,617
275,659
275,666
275,696
275,709
275,740
275,743
275,757
275,767
275,788
275,802
275,816
275,822
275,907
275,909
275,957
275,986
275,997
276,332
276,559
277,291
277,298
277,314
277,317
277,324
277,331
277,336
277,339
277,348
277,365
277,385
277,399
277,415
277,423
277,426
277,429
277,435
277,440
277,451
277,455
277,458
277,466
277,471
277,485
277,510
277,524
277,525
277,526
277,531
277,532
277,538
277,542
277,547
277,551
277,552
277,557
277,560
277,566
277,568
277,573
277,574
277,580
277,598
277,603
277,606
277,608
277,611
277,617
277,627
277,628
277,629
277,633
277,659
277,667
277,681
277,685
277,696
277,709
277,713
277,737
277,740
277,743
277,751
277,755
277,757
277,762
277,777
277,778
277,788
277,797
277,800
277,801
277,802
277,816
277,822
277,830
277,831
277,832
277,862
277,866
277,871
277,874
277,893
277,903
277,907
277,911
277,914
277,931
277,940
277,957
277,959
277,965
277,986
277,997
278,492
278,545
278,546
278,550
278,563
278,639
278,745
278,776
278,790
278,918
278,943
278,951
279,329
279,519
280,296
280,368
280,373
280,465
280,469
280,489
280,490
280,517
280,537
280,539
280,594
280,597
280,615
280,641
280,644
280,654
280,656
280,662
280,691
280,708
280,727
280,738
280,753
280,761
280,768
280,787
280,792
280,841
280,843
280,906
280,912
280,960
280,963
280,982
282,442
283,632
283,714
283,774
285,286
285,288
285,293
285,294
285,301
285,307
285,315
285,321
285,325
285,328
285,330
285,332
285,345
285,347
285,355
285,363
285,414
285,415
285,417
285,440
285,446
285,449
285,451
285,455
285,456
285,467
285,491
285,515
285,526
285,552
285,559
285,576
285,582
285,583
285,590
285,619
285,622
285,688
285,713
285,720
285,750
285,766
285,774
285,791
285,796
285,799
285,800
285,821
285,828
285,844
285,962
285,993
286,288
286,293
286,299
286,301
286,307
286,315
286,321
286,325
286,328
286,330
286,332
286,345
286,355
286,363
286,414
286,415
286,417
286,440
286,446
286,449
286,450
286,451
286,455
286,456
286,465
286,467
286,482
286,491
286,515
286,526
286,552
286,557
286,559
286,567
286,576
286,582
286,583
286,586
286,590
286,619
286,622
286,688
286,698
286,705
286,718
286,720
286,750
286,766
286,774
286,779
286,791
286,796
286,799
286,800
286,828
286,844
286,962
286,968
286,993
288,293
288,299
288,301
288,307
288,321
288,325
288,328
288,330
288,332
288,345
288,363
288,414
288,415
288,417
288,440
288,446
288,455
288,456
288,467
288,491
288,515
288,552
288,559
288,576
288,582
288,583
288,586
288,590
288,622
288,688
288,698
288,718
288,720
288,739
288,750
288,766
288,791
288,796
288,800
288,813
288,828
288,844
288,962
288,993
290,309
290,330
290,442
290,582
290,619
290,812
291,299
291,304
291,308
291,317
291,328
291,335
291,336
291,348
291,363
291,383
291,395
291,399
291,403
291,415
291,417
291,427
291,435
291,440
291,450
291,451
291,455
291,457
291,458
291,466
291,467
291,471
291,515
291,522
291,525
291,529
291,538
291,548
291,551
291,552
291,557
291,559
291,580
291,586
291,629
291,633
291,649
291,665
291,667
291,672
291,685
291,688
291,696
291,698
291,705
291,708
291,713
291,714
291,718
291,737
291,749
291,751
291,755
291,762
291,777
291,778
291,779
291,796
291,797
291,801
291,830
291,832
291,848
291,862
291,871
291,907
291,911
291,940
291,950
291,959
291,965
293,299
293,301
293,307
293,321
293,325
293,328
293,330
293,332
293,345
293,355
293,363
293,414
293,415
293,417
293,440
293,446
293,450
293,455
293,456
293,457
293,465
293,467
293,482
293,490
293,491
293,515
293,517
293,526
293,552
293,557
293,559
293,576
293,582
293,583
293,586
293,590
293,619
293,622
293,688
293,698
293,718
293,720
293,750
293,766
293,774
293,779
293,791
293,796
293,799
293,800
293,828
293,844
293,962
293,980
293,993
294,299
294,307
294,321
294,328
294,330
294,345
294,363
294,417
294,450
294,455
294,456
294,465
294,467
294,491
294,515
294,526
294,552
294,557
294,559
294,567
294,582
294,583
294,586
294,590
294,622
294,698
294,708
294,714
294,718
294,720
294,766
294,774
294,778
294,796
294,828
294,832
294,844
294,962
295,424
295,438
295,513
295,562
295,604
295,886
295,979
296,368
296,465
296,489
296,490
296,539
296,594
296,597
296,615
296,641
296,644
296,654
296,656
296,662
296,708
296,738
296,753
296,761
296,841
296,944
296,960
296,963
296,982
297,450
298,304
298,314
298,324
298,331
298,339
298,365
298,385
298,399
298,423
298,426
298,429
298,458
298,471
298,485
298,510
298,524
298,542
298,547
298,560
298,566
298,573
298,580
298,598
298,603
298,606
298,608
298,611
298,617
298,628
298,696
298,709
298,740
298,743
298,757
298,778
298,785
298,788
298,797
298,800
298,816
298,822
298,831
298,880
298,903
298,907
298,957
298,997
299,307
299,310
299,321
299,328
299,330
299,332
299,335
299,345
299,363
299,391
299,412
299,415
299,417
299,440
299,450
299,455
299,456
299,457
299,458
299,465
299,467
299,482
299,489
299,490
299,491
299,515
299,525
299,548
299,552
299,557
299,559
299,582
299,583
299,586
299,590
299,594
299,622
299,631
299,644
299,655
299,662
299,665
299,672
299,682
299,688
299,698
299,705
299,708
299,714
299,718
299,720
299,727
299,749
299,762
299,774
299,777
299,778
299,779
299,796
299,828
299,830
299,832
299,844
299,864
299,887
299,891
299,940
299,944
299,959
299,962
299,993
300,321
300,332
300,345
300,363
300,415
300,417
300,455
300,467
300,491
300,557
300,590
300,622
300,669
300,688
300,720
300,796
300,828
300,844
300,993
301,307
301,315
301,321
301,328
301,330
301,332
301,345
301,363
301,414
301,415
301,417
301,440
301,446
301,455
301,456
301,465
301,467
301,491
301,515
301,526
301,552
301,557
301,559
301,576
301,582
301,583
301,590
301,622
301,688
301,698
301,720
301,766
301,774
301,779
301,791
301,796
301,799
301,800
301,824
301,828
301,844
301,962
301,968
301,993
304,310
304,336
304,348
304,403
304,411
304,427
304,435
304,466
304,485
304,529
304,538
304,551
304,552
304,574
304,629
304,633
304,667
304,672
304,685
304,713
304,718
304,737
304,749
304,751
304,755
304,762
304,777
304,779
304,797
304,801
304,830
304,848
304,862
304,871
304,911
304,940
304,950
304,959
304,965
307,321
307,328
307,330
307,332
307,345
307,355
307,363
307,414
307,415
307,417
307,440
307,446
307,450
307,451
307,455
307,456
307,465
307,467
307,482
307,491
307,515
307,526
307,552
307,557
307,559
307,567
307,576
307,582
307,583
307,586
307,590
307,622
307,688
307,698
307,714
307,718
307,720
307,749
307,766
307,774
307,777
307,779
307,791
307,796
307,800
307,828
307,830
307,844
307,940
307,962
307,980
307,993
308,317
308,335
308,336
308,348
308,395
308,403
308,435
308,448
308,451
308,466
308,529
308,538
308,551
308,574
308,629
308,633
308,667
308,685
308,705
308,737
308,749
308,751
308,755
308,797
308,801
308,862
308,871
308,911
308,940
308,950
308,965
309,442
310,336
310,348
310,403
310,417
310,435
310,445
310,450
310,455
310,456
310,458
310,515
310,525
310,529
310,538
310,551
310,552
310,557
310,559
310,586
310,622
310,629
310,631
310,633
310,672
310,685
310,705
310,708
310,718
310,737
310,751
310,755
310,762
310,777
310,778
310,779
310,796
310,797
310,801
310,830
310,832
310,844
310,848
310,871
310,940
310,950
310,959
311,562
311,941
312,380
312,495
312,578
312,594
312,630
312,731
312,764
312,860
312,890
312,937
312,980
314,324
314,331
314,339
314,385
314,399
314,423
314,426
314,429
314,471
314,485
314,510
314,524
314,532
314,542
314,547
314,560
314,566
314,568
314,573
314,580
314,598
314,603
314,606
314,617
314,627
314,628
314,681
314,696
314,709
314,740
314,743
314,757
314,788
314,822
314,831
314,874
314,903
314,907
314,957
314,986
314,997
315,321
315,368
315,371
315,391
315,465
315,491
315,539
315,615
315,650
315,656
315,668
315,691
315,727
315,738
315,753
315,761
315,944
317,328
317,335
317,336
317,348
317,403
317,427
317,435
317,450
317,451
317,458
317,466
317,538
317,551
317,552
317,574
317,629
317,633
317,667
317,675
317,685
317,705
317,713
317,714
317,737
317,749
317,751
317,755
317,762
317,777
317,797
317,801
317,830
317,862
317,871
317,911
317,940
317,965
317,973
319,438
320,518
321,325
321,328
321,330
321,332
321,345
321,355
321,363
321,414
321,415
321,417
321,440
321,446
321,450
321,451
321,455
321,456
321,465
321,467
321,482
321,490
321,491
321,515
321,517
321,526
321,552
321,557
321,559
321,567
321,576
321,582
321,583
321,586
321,590
321,622
321,653
321,688
321,698
321,718
321,720
321,750
321,766
321,774
321,779
321,791
321,796
321,799
321,800
321,824
321,828
321,830
321,844
321,962
321,993
323,471
324,331
324,339
324,365
324,368
324,385
324,391
324,399
324,423
324,426
324,429
324,465
324,471
324,485
324,489
324,510
324,524
324,526
324,532
324,539
324,542
324,547
324,560
324,566
324,568
324,573
324,574
324,580
324,594
324,598
324,603
324,606
324,608
324,611
324,617
324,627
324,628
324,652
324,656
324,659
324,662
324,681
324,691
324,696
324,709
324,711
324,727
324,740
324,743
324,753
324,757
324,788
324,792
324,800
324,802
324,816
324,822
324,831
324,874
324,903
324,907
324,914
324,944
324,957
324,982
324,986
324,997
325,330
325,345
325,363
325,424
325,440
325,491
325,582
325,590
325,604
325,664
325,766
325,828
325,993
328,330
328,332
328,335
328,336
328,345
328,348
328,363
328,393
328,403
328,414
328,415
328,417
328,427
328,435
328,440
328,450
328,451
328,455
328,456
328,457
328,458
328,465
328,467
328,482
328,491
328,515
328,536
328,538
328,548
328,551
328,552
328,557
328,559
328,567
328,576
328,582
328,583
328,586
328,590
328,619
328,622
328,629
328,633
328,653
328,655
328,665
328,667
328,672
328,685
328,688
328,698
328,705
328,708
328,714
328,718
328,720
328,737
328,749
328,751
328,755
328,762
328,766
328,774
328,777
328,778
328,779
328,791
328,796
328,800
328,801
328,828
328,830
328,832
328,839
328,844
328,848
328,862
328,871
328,891
328,940
328,959
328,962
328,993
329,361
330,332
330,345
330,355
330,358
330,363
330,412
330,414
330,415
330,417
330,440
330,446
330,450
330,451
330,455
330,456
330,465
330,467
330,482
330,491
330,515
330,526
330,548
330,552
330,557
330,559
330,567
330,576
330,582
330,583
330,586
330,590
330,619
330,622
330,655
330,688
330,698
330,714
330,718
330,720
330,749
330,750
330,766
330,774
330,777
330,779
330,791
330,796
330,799
330,800
330,813
330,828
330,830
330,844
330,887
330,891
330,940
330,962
330,993
331,339
331,365
331,385
331,399
331,423
331,426
331,429
331,471
331,485
331,510
331,524
331,532
331,542
331,547
331,560
331,566
331,573
331,574
331,580
331,598
331,603
331,606
331,611
331,617
331,628
331,659
331,681
331,696
331,709
331,740
331,743
331,757
331,788
331,802
331,816
331,822
331,831
331,840
331,874
331,903
331,907
331,957
331,986
331,997
332,345
332,363
332,414
332,415
332,417
332,440
332,446
332,449
332,450
332,451
332,455
332,456
332,467
332,491
332,515
332,552
332,557
332,559
332,576
332,582
332,583
332,586
332,590
332,619
332,622
332,688
332,698
332,714
332,718
332,720
332,749
332,766
332,774
332,779
332,791
332,796
332,800
332,802
332,828
332,844
332,891
332,962
332,980
332,993
335,348
335,403
335,412
335,435
335,450
335,529
335,538
335,548
335,571
335,627
335,633
335,655
335,685
335,714
335,737
335,797
335,801
335,864
335,887
335,891
336,348
336,403
336,427
336,435
336,450
336,451
336,455
336,457
336,458
336,466
336,505
336,522
336,525
336,529
336,538
336,551
336,552
336,557
336,559
336,574
336,580
336,586
336,610
336,622
336,629
336,631
336,633
336,655
336,667
336,672
336,675
336,685
336,705
336,708
336,713
336,714
336,718
336,737
336,749
336,751
336,755
336,762
336,777
336,778
336,779
336,797
336,801
336,830
336,832
336,844
336,862
336,871
336,887
336,911
336,940
336,959
336,965
336,973
337,877
337,954
339,365
339,385
339,399
339,423
339,426
339,429
339,471
339,485
339,510
339,524
339,526
339,532
339,542
339,547
339,560
339,566
339,568
339,573
339,574
339,580
339,598
339,603
339,606
339,617
339,627
339,628
339,652
339,659
339,681
339,696
339,709
339,740
339,743
339,757
339,774
339,785
339,788
339,797
339,800
339,816
339,822
339,831
339,835
339,874
339,903
339,907
339,947
339,957
339,986
339,997
340,466
340,713
341,710
343,608
344,532
345,355
345,363
345,414
345,415
345,417
345,440
345,446
345,450
345,455
345,456
345,465
345,467
345,482
345,491
345,515
345,526
345,552
345,557
345,559
345,567
345,576
345,582
345,583
345,586
345,590
345,619
345,622
345,645
345,688
345,698
345,718
345,720
345,750
345,766
345,774
345,779
345,791
345,796
345,800
345,828
345,844
345,962
345,980
345,993
347,439
347,449
347,577
347,592
347,720
347,828
348,403
348,412
348,417
348,427
348,435
348,450
348,451
348,455
348,457
348,458
348,466
348,488
348,522
348,525
348,529
348,538
348,548
348,551
348,552
348,557
348,559
348,574
348,580
348,586
348,610
348,622
348,629
348,631
348,633
348,655
348,665
348,667
348,672
348,675
348,685
348,705
348,708
348,713
348,714
348,718
348,737
348,749
348,751
348,755
348,762
348,777
348,778
348,779
348,797
348,801
348,830
348,832
348,848
348,862
348,871
348,887
348,891
348,911
348,940
348,959
348,965
348,973
351,635
352,908
353,364
353,860
353,985
355,412
355,446
355,455
355,491
355,504
355,515
355,548
355,559
355,582
355,590
355,622
355,655
355,717
355,796
355,887
355,962
355,968
355,974
355,993
356,366
356,374
356,427
356,633
356,751
359,420
359,996
362,908
363,414
363,415
363,417
363,440
363,446
363,450
363,451
363,455
363,456
363,465
363,467
363,482
363,491
363,515
363,526
363,552
363,557
363,559
363,567
363,576
363,582
363,583
363,586
363,590
363,619
363,622
363,688
363,698
363,705
363,714
363,718
363,720
363,749
363,750
363,766
363,774
363,777
363,779
363,791
363,796
363,799
363,800
363,813
363,828
363,830
363,844
363,940
363,962
363,993
364,813
365,399
365,426
365,440
365,471
365,475
365,485
365,495
365,532
365,542
365,547
365,560
365,573
365,574
365,580
365,603
365,606
365,617
365,620
365,628
365,696
365,709
365,732
365,740
365,743
365,757
365,788
365,816
365,992
365,997
366,458
366,525
366,529
366,631
366,672
366,762
366,778
366,832
366,949
366,959
367,542
367,633
367,667
367,685
367,871
368,373
368,391
368,395
368,465
368,489
368,490
368,517
368,539
368,570
368,594
368,597
368,615
368,641
368,644
368,654
368,656
368,662
368,691
368,708
368,727
368,738
368,753
368,761
368,768
368,792
368,841
368,843
368,906
368,912
368,944
368,960
368,963
368,982
369,451
369,632
369,816
369,844
371,451
371,594
371,656
371,668
371,753
373,615
373,641
373,654
373,662
373,708
373,738
373,768
373,895
373,960
373,963
376,972
379,581
379,865
380,890
384,835
385,399
385,426
385,471
385,485
385,542
385,580
385,603
385,606
385,617
385,696
385,709
385,740
385,757
385,800
385,822
385,907
385,989
385,997
387,421
387,976
388,746
391,465
391,489
391,534
391,539
391,542
391,594
391,611
391,615
391,641
391,650
391,654
391,656
391,662
391,691
391,727
391,738
391,753
391,912
391,944
391,963
391,997
392,442
392,715
392,772
392,958
395,403
395,427
395,450
395,457
395,466
395,529
395,552
395,574
395,633
395,672
395,682
395,714
395,749
395,762
395,777
395,778
395,779
395,797
395,830
395,848
395,871
395,913
395,940
395,950
399,423
399,426
399,429
399,440
399,451
399,455
399,471
399,485
399,510
399,524
399,525
399,532
399,542
399,547
399,560
399,566
399,568
399,573
399,574
399,580
399,586
399,598
399,603
399,606
399,611
399,617
399,627
399,628
399,659
399,672
399,681
399,696
399,709
399,740
399,743
399,749
399,757
399,762
399,777
399,778
399,785
399,788
399,800
399,802
399,816
399,822
399,830
399,831
399,832
399,874
399,903
399,907
399,931
399,940
399,957
399,986
399,997
402,898
403,411
403,417
403,427
403,435
403,450
403,455
403,456
403,457
403,458
403,466
403,488
403,515
403,522
403,525
403,529
403,538
403,551
403,552
403,557
403,559
403,574
403,580
403,586
403,629
403,631
403,633
403,665
403,667
403,672
403,685
403,688
403,705
403,708
403,713
403,714
403,718
403,737
403,749
403,751
403,755
403,762
403,777
403,778
403,779
403,797
403,801
403,830
403,832
403,848
403,862
403,871
403,911
403,940
403,949
403,950
403,959
403,965
404,673
406,928
408,959
410,558
411,471
411,485
411,551
411,552
411,574
411,603
411,633
411,705
411,709
411,713
411,737
411,751
411,777
411,797
411,830
411,940
411,965
412,435
412,450
412,451
412,538
412,548
412,551
412,571
412,583
412,655
412,708
412,714
412,717
412,737
412,755
412,777
412,801
412,848
412,864
412,887
412,891
413,666
414,415
414,417
414,446
414,455
414,467
414,491
414,515
414,559
414,582
414,583
414,590
414,622
414,688
414,720
414,766
414,791
414,796
414,800
414,824
414,828
414,844
414,932
414,962
414,993
415,417
415,440
415,446
415,450
415,455
415,456
415,457
415,458
415,465
415,466
415,467
415,482
415,491
415,515
415,525
415,529
415,552
415,557
415,559
415,567
415,576
415,582
415,583
415,586
415,590
415,622
415,672
415,683
415,688
415,698
415,705
415,708
415,713
415,718
415,720
415,737
415,749
415,762
415,766
415,774
415,777
415,778
415,779
415,796
415,828
415,830
415,832
415,844
415,848
415,911
415,940
415,959
415,962
415,993
416,752
417,440
417,446
417,450
417,451
417,455
417,456
417,457
417,458
417,465
417,466
417,467
417,490
417,491
417,515
417,517
417,526
417,548
417,550
417,552
417,557
417,559
417,567
417,576
417,582
417,583
417,586
417,590
417,622
417,629
417,655
417,665
417,672
417,685
417,688
417,698
417,705
417,708
417,713
417,714
417,718
417,720
417,737
417,749
417,762
417,766
417,774
417,777
417,778
417,779
417,796
417,800
417,801
417,828
417,830
417,832
417,844
417,848
417,887
417,891
417,911
417,940
417,959
417,962
417,993
419,433
423,426
423,429
423,471
423,485
423,510
423,524
423,542
423,547
423,560
423,562
423,566
423,568
423,574
423,580
423,598
423,603
423,606
423,617
423,627
423,659
423,681
423,696
423,709
423,740
423,743
423,757
423,788
423,822
423,831
423,874
423,903
423,907
423,957
423,986
423,997
424,438
424,473
424,485
424,562
424,604
424,739
424,750
426,429
426,471
426,485
426,510
426,524
426,532
426,542
426,547
426,560
426,566
426,568
426,573
426,574
426,580
426,603
426,606
426,617
426,627
426,681
426,696
426,700
426,709
426,740
426,743
426,757
426,785
426,788
426,816
426,822
426,831
426,866
426,874
426,903
426,907
426,914
426,931
426,957
426,997
427,435
427,450
427,455
427,456
427,458
427,522
427,538
427,551
427,552
427,559
427,574
427,629
427,631
427,633
427,667
427,672
427,675
427,685
427,705
427,708
427,713
427,714
427,718
427,720
427,737
427,749
427,751
427,755
427,762
427,765
427,777
427,778
427,779
427,797
427,801
427,830
427,832
427,844
427,848
427,862
427,871
427,940
427,950
427,959
427,965
428,536
428,587
428,847
428,955
429,435
429,471
429,475
429,485
429,486
429,510
429,524
429,531
429,532
429,542
429,547
429,560
429,566
429,568
429,573
429,574
429,580
429,598
429,603
429,606
429,617
429,628
429,659
429,667
429,696
429,709
429,740
429,743
429,757
429,802
429,816
429,822
429,831
429,874
429,903
429,907
429,957
429,986
429,992
429,997
434,457
435,450
435,451
435,455
435,457
435,458
435,466
435,525
435,529
435,538
435,548
435,551
435,552
435,574
435,580
435,586
435,610
435,629
435,631
435,633
435,655
435,665
435,667
435,672
435,675
435,678
435,685
435,705
435,708
435,713
435,714
435,718
435,737
435,749
435,751
435,755
435,762
435,777
435,778
435,779
435,797
435,801
435,830
435,832
435,844
435,862
435,871
435,887
435,891
435,911
435,940
435,959
435,965
435,973
437,485
437,574
438,624
439,964
440,450
440,451
440,455
440,456
440,457
440,458
440,467
440,482
440,491
440,515
440,552
440,557
440,559
440,567
440,580
440,582
440,583
440,586
440,590
440,595
440,622
440,655
440,688
440,698
440,713
440,714
440,718
440,720
440,749
440,762
440,766
440,774
440,777
440,778
440,779
440,796
440,828
440,830
440,832
440,844
440,848
440,907
440,940
440,950
440,962
440,993
442,722
442,817
442,933
445,543
445,708
446,452
446,455
446,467
446,491
446,515
446,559
446,567
446,582
446,583
446,590
446,622
446,720
446,791
446,800
446,828
446,844
446,962
446,993
448,491
449,577
449,809
449,828
449,993
450,451
450,455
450,456
450,457
450,458
450,465
450,466
450,467
450,488
450,490
450,491
450,515
450,525
450,538
450,548
450,551
450,552
450,557
450,559
450,582
450,583
450,586
450,590
450,594
450,619
450,622
450,629
450,631
450,633
450,650
450,655
450,667
450,672
450,675
450,685
450,688
450,698
450,705
450,708
450,713
450,714
450,718
450,720
450,737
450,749
450,751
450,755
450,762
450,766
450,774
450,777
450,778
450,779
450,791
450,796
450,797
450,801
450,828
450,830
450,832
450,844
450,862
450,864
450,871
450,887
450,891
450,911
450,912
450,940
450,944
450,959
450,962
450,965
450,973
450,991
450,993
451,455
451,456
451,467
451,491
451,515
451,538
451,548
451,551
451,552
451,559
451,576
451,582
451,586
451,590
451,606
451,622
451,629
451,633
451,655
451,667
451,675
451,685
451,688
451,698
451,705
451,714
451,718
451,720
451,737
451,740
451,749
451,751
451,755
451,762
451,777
451,779
451,796
451,801
451,803
451,830
451,844
451,862
451,871
451,887
451,891
451,911
451,940
451,962
451,965
451,993
451,997
453,485
453,531
453,816
453,941
455,456
455,457
455,458
455,466
455,467
455,482
455,484
455,491
455,515
455,525
455,529
455,538
455,551
455,552
455,557
455,559
455,567
455,576
455,580
455,582
455,583
455,586
455,590
455,622
455,629
455,631
455,633
455,665
455,667
455,672
455,685
455,688
455,698
455,705
455,708
455,713
455,714
455,718
455,720
455,737
455,749
455,751
455,755
455,762
455,766
455,774
455,777
455,778
455,779
455,796
455,797
455,800
455,801
455,828
455,830
455,832
455,844
455,848
455,940
455,950
455,959
455,962
455,965
455,993
456,467
456,491
456,497
456,515
456,522
456,538
456,552
456,559
456,576
456,582
456,583
456,586
456,590
456,622
456,629
456,633
456,665
456,685
456,698
456,705
456,714
456,718
456,720
456,749
456,751
456,766
456,774
456,777
456,779
456,793
456,796
456,801
456,828
456,830
456,839
456,844
456,891
456,940
456,962
456,980
456,993
457,458
457,465
457,466
457,489
457,491
457,515
457,525
457,529
457,552
457,557
457,559
457,586
457,594
457,633
457,665
457,672
457,682
457,688
457,705
457,708
457,713
457,718
457,737
457,749
457,762
457,777
457,778
457,779
457,796
457,797
457,830
457,832
457,844
457,848
457,871
457,940
457,944
457,950
457,959
457,965
457,973
458,465
458,466
458,472
458,488
458,491
458,493
458,515
458,522
458,525
458,529
458,538
458,551
458,552
458,557
458,559
458,574
458,586
458,590
458,622
458,629
458,631
458,633
458,650
458,665
458,667
458,672
458,682
458,685
458,688
458,705
458,708
458,713
458,714
458,718
458,737
458,744
458,749
458,751
458,755
458,762
458,774
458,777
458,778
458,779
458,796
458,797
458,801
458,803
458,821
458,830
458,832
458,844
458,848
458,862
458,871
458,911
458,940
458,949
458,950
458,959
458,965
459,525
461,543
461,700
464,860
465,489
465,490
465,491
465,515
465,539
465,552
465,557
465,559
465,567
465,582
465,583
465,586
465,590
465,594
465,597
465,615
465,622
465,641
465,644
465,650
465,656
465,662
465,688
465,698
465,708
465,714
465,718
465,720
465,727
465,738
465,753
465,761
465,774
465,779
465,796
465,800
465,828
465,830
465,844
465,891
465,912
465,940
465,944
465,959
465,960
465,962
465,973
465,993
466,515
466,525
466,529
466,538
466,551
466,552
466,557
466,559
466,574
466,586
466,629
466,631
466,633
466,655
466,667
466,672
466,685
466,688
466,705
466,708
466,713
466,718
466,737
466,749
466,751
466,755
466,762
466,777
466,778
466,779
466,796
466,797
466,801
466,830
466,832
466,848
466,862
466,871
466,887
466,911
466,940
466,950
466,959
466,965
467,482
467,484
467,491
467,515
467,526
467,552
467,557
467,559
467,567
467,576
467,582
467,583
467,586
467,590
467,622
467,665
467,688
467,698
467,705
467,718
467,720
467,749
467,766
467,774
467,777
467,779
467,791
467,796
467,799
467,800
467,828
467,830
467,844
467,940
467,962
467,993
469,517
469,914
469,931
469,957
470,876
471,485
471,510
471,524
471,526
471,532
471,542
471,547
471,560
471,566
471,568
471,573
471,574
471,580
471,598
471,603
471,606
471,617
471,627
471,628
471,652
471,659
471,681
471,696
471,709
471,727
471,740
471,743
471,757
471,778
471,785
471,788
471,822
471,831
471,874
471,903
471,907
471,914
471,944
471,957
471,986
471,992
471,997
472,525
472,672
472,708
472,762
472,778
472,959
473,504
473,513
473,941
474,517
474,651
475,485
475,510
475,532
475,573
475,574
475,606
475,709
475,739
475,743
475,757
475,802
475,870
475,907
477,630
477,805
477,860
477,873
477,890
477,937
480,674
482,491
482,515
482,545
482,552
482,559
482,582
482,583
482,590
482,619
482,622
482,639
482,706
482,714
482,720
482,760
482,766
482,774
482,776
482,779
482,790
482,796
482,805
482,844
482,918
482,943
482,962
482,993
485,495
485,510
485,513
485,524
485,531
485,532
485,542
485,547
485,560
485,568
485,573
485,574
485,580
485,598
485,603
485,606
485,617
485,627
485,628
485,652
485,659
485,681
485,696
485,704
485,709
485,739
485,740
485,743
485,757
485,788
485,802
485,816
485,822
485,831
485,874
485,903
485,907
485,916
485,957
485,971
485,986
485,997
486,494
486,822
488,667
488,672
488,708
488,714
488,737
488,755
488,762
488,797
488,832
488,958
489,490
489,517
489,539
489,594
489,597
489,615
489,641
489,644
489,654
489,656
489,662
489,691
489,708
489,727
489,738
489,753
489,761
489,768
489,944
489,960
489,963
490,539
490,557
490,583
490,590
490,594
490,597
490,615
490,622
490,641
490,644
490,654
490,656
490,662
490,708
490,727
490,738
490,753
490,761
490,768
490,774
490,844
490,944
490,960
490,962
490,963
490,982
491,515
491,526
491,552
491,557
491,559
491,567
491,572
491,576
491,582
491,583
491,586
491,590
491,619
491,622
491,688
491,698
491,705
491,714
491,718
491,720
491,749
491,750
491,766
491,774
491,777
491,779
491,791
491,796
491,800
491,828
491,830
491,839
491,844
491,940
491,962
491,968
491,980
491,993
492,545
492,546
492,550
492,563
492,613
492,639
492,706
492,745
492,776
492,790
492,795
492,918
492,943
492,951
493,525
493,631
493,672
493,708
493,713
493,762
493,778
493,832
493,959
495,510
495,532
495,562
495,630
495,636
495,709
495,731
495,860
495,873
495,890
495,937
495,980
497,568
498,534
499,689
501,545
501,599
501,650
504,562
504,572
504,604
504,642
504,666
504,941
504,942
504,968
505,860
505,873
505,890
505,937
505,952
505,980
506,601
507,806
508,545
509,601
509,651
510,524
510,532
510,542
510,547
510,560
510,566
510,568
510,573
510,574
510,580
510,598
510,603
510,606
510,617
510,628
510,659
510,681
510,696
510,709
510,740
510,743
510,757
510,785
510,788
510,802
510,816
510,822
510,831
510,874
510,903
510,907
510,957
510,986
510,997
513,604
513,739
513,952
514,774
515,525
515,552
515,557
515,559
515,567
515,576
515,582
515,583
515,586
515,590
515,622
515,655
515,688
515,698
515,705
515,708
515,713
515,714
515,718
515,720
515,749
515,762
515,766
515,774
515,777
515,778
515,779
515,791
515,796
515,797
515,800
515,805
515,828
515,830
515,832
515,844
515,940
515,959
515,962
515,980
515,993
516,677
517,557
517,572
517,582
517,586
517,590
517,615
517,654
517,656
517,738
517,753
517,768
517,774
517,792
517,914
517,931
517,957
518,780
519,990
521,782
522,525
522,529
522,538
522,551
522,552
522,559
522,631
522,633
522,667
522,672
522,675
522,685
522,707
522,708
522,714
522,718
522,751
522,762
522,777
522,778
522,779
522,797
522,830
522,832
522,844
522,848
522,871
522,904
522,940
522,959
524,542
524,547
524,560
524,568
524,573
524,574
524,580
524,598
524,603
524,606
524,617
524,628
524,652
524,681
524,696
524,704
524,709
524,740
524,743
524,757
524,788
524,802
524,822
524,882
524,907
524,957
524,986
524,997
525,529
525,532
525,538
525,551
525,552
525,557
525,559
525,586
525,629
525,631
525,633
525,655
525,667
525,672
525,682
525,685
525,708
525,713
525,718
525,737
525,744
525,751
525,755
525,762
525,777
525,778
525,779
525,796
525,797
525,801
525,830
525,832
525,848
525,862
525,871
525,887
525,940
525,949
525,950
525,959
526,547
526,559
526,560
526,582
526,583
526,590
526,606
526,619
526,622
526,666
526,688
526,709
526,718
526,720
526,740
526,758
526,766
526,771
526,774
526,791
526,800
526,828
526,844
526,877
526,993
527,739
529,538
529,551
529,552
529,574
529,622
529,629
529,631
529,633
529,665
529,667
529,669
529,672
529,685
529,705
529,708
529,713
529,718
529,737
529,751
529,755
529,762
529,777
529,778
529,779
529,797
529,801
529,830
529,832
529,848
529,862
529,871
529,911
529,940
529,949
529,950
529,959
529,965
530,568
530,750
530,986
531,617
531,642
531,659
531,709
531,743
531,802
531,986
532,542
532,547
532,560
532,566
532,568
532,573
532,580
532,598
532,603
532,606
532,617
532,627
532,696
532,709
532,740
532,743
532,757
532,788
532,802
532,822
532,831
532,903
532,907
532,957
532,986
532,997
534,539
534,641
534,656
534,662
534,691
534,738
535,793
536,877
537,572
537,641
537,654
537,739
537,960
538,548
538,551
538,552
538,559
538,574
538,580
538,586
538,610
538,629
538,631
538,633
538,655
538,665
538,667
538,672
538,675
538,685
538,705
538,708
538,713
538,714
538,718
538,737
538,749
538,751
538,755
538,762
538,777
538,778
538,779
538,797
538,801
538,830
538,832
538,848
538,862
538,871
538,887
538,891
538,911
538,940
538,959
538,965
538,973
539,542
539,570
539,594
539,611
539,615
539,641
539,644
539,650
539,654
539,656
539,662
539,691
539,708
539,727
539,738
539,753
539,761
539,768
539,912
539,944
539,960
539,963
539,997
542,547
542,560
542,566
542,568
542,573
542,574
542,580
542,598
542,603
542,606
542,608
542,615
542,617
542,620
542,627
542,628
542,652
542,656
542,659
542,681
542,696
542,700
542,709
542,740
542,743
542,753
542,757
542,777
542,785
542,788
542,800
542,802
542,816
542,822
542,831
542,874
542,903
542,907
542,914
542,940
542,944
542,957
542,986
542,997
545,546
545,550
545,563
545,613
545,639
545,660
545,706
545,745
545,760
545,776
545,790
545,795
545,819
545,840
545,918
545,943
545,951
546,550
546,563
546,613
546,639
546,660
546,706
546,745
546,760
546,776
546,790
546,795
546,819
546,840
546,918
546,927
546,943
546,951
547,560
547,566
547,568
547,573
547,574
547,580
547,598
547,603
547,606
547,611
547,617
547,627
547,628
547,652
547,659
547,681
547,696
547,700
547,709
547,727
547,740
547,743
547,757
547,785
547,788
547,800
547,802
547,816
547,822
547,831
547,837
547,866
547,874
547,903
547,907
547,957
547,986
547,997
548,551
548,559
548,571
548,583
548,622
548,629
548,655
548,685
548,708
548,714
548,717
548,720
548,737
548,743
548,755
548,774
548,801
548,844
548,848
548,864
548,887
548,891
550,563
550,639
550,698
550,776
550,790
550,840
550,918
550,943
551,552
551,559
551,574
551,580
551,586
551,610
551,629
551,631
551,633
551,655
551,667
551,672
551,675
551,685
551,705
551,708
551,713
551,714
551,718
551,737
551,749
551,751
551,755
551,762
551,777
551,778
551,779
551,797
551,801
551,830
551,832
551,844
551,848
551,862
551,871
551,887
551,911
551,940
551,959
551,965
551,973
552,557
552,559
552,567
552,582
552,583
552,586
552,590
552,622
552,629
552,631
552,633
552,655
552,665
552,667
552,672
552,685
552,688
552,698
552,705
552,708
552,713
552,714
552,718
552,720
552,737
552,749
552,751
552,755
552,762
552,766
552,774
552,777
552,778
552,779
552,788
552,796
552,797
552,801
552,828
552,830
552,832
552,844
552,848
552,862
552,871
552,887
552,891
552,907
552,911
552,940
552,950
552,959
552,962
552,965
552,980
552,993
555,648
555,669
555,733
555,845
556,963
556,968
557,559
557,582
557,583
557,586
557,590
557,622
557,631
557,633
557,665
557,672
557,688
557,698
557,705
557,707
557,708
557,713
557,714
557,718
557,720
557,729
557,737
557,738
557,749
557,751
557,755
557,762
557,774
557,777
557,778
557,779
557,796
557,797
557,828
557,830
557,832
557,844
557,848
557,887
557,940
557,943
557,944
557,950
557,959
557,960
557,962
557,965
557,993
559,567
559,582
559,583
559,586
559,590
559,619
559,622
559,629
559,631
559,633
559,655
559,665
559,667
559,672
559,685
559,688
559,698
559,705
559,708
559,713
559,714
559,718
559,720
559,737
559,749
559,755
559,762
559,766
559,774
559,777
559,778
559,779
559,791
559,796
559,797
559,800
559,801
559,828
559,830
559,832
559,844
559,848
559,887
559,891
559,940
559,950
559,959
559,962
559,965
559,980
559,993
560,566
560,568
560,573
560,574
560,580
560,603
560,606
560,608
560,617
560,628
560,659
560,681
560,696
560,709
560,740
560,743
560,757
560,788
560,802
560,822
560,831
560,866
560,874
560,903
560,907
560,957
560,986
560,997
562,754
562,757
563,613
563,639
563,660
563,706
563,745
563,760
563,776
563,790
563,819
563,840
563,918
563,927
563,943
563,951
566,573
566,580
566,603
566,606
566,617
566,652
566,696
566,709
566,740
566,743
566,757
566,788
566,822
566,831
566,907
566,957
566,997
567,582
567,583
567,586
567,590
567,622
567,688
567,718
567,720
567,766
567,774
567,777
567,779
567,796
567,800
567,828
567,830
567,844
567,940
567,962
567,993
568,580
568,598
568,603
568,606
568,608
568,617
568,652
568,696
568,700
568,704
568,709
568,740
568,743
568,756
568,757
568,775
568,788
568,816
568,822
568,831
568,837
568,866
568,874
568,903
568,907
568,957
568,997
570,615
570,641
570,644
570,654
570,656
570,662
570,708
570,727
570,738
570,753
570,843
570,906
570,960
571,577
571,605
571,655
571,714
571,864
571,887
571,891
572,586
572,604
572,774
572,914
572,931
573,580
573,603
573,606
573,617
573,627
573,628
573,652
573,659
573,681
573,696
573,709
573,740
573,743
573,757
573,785
573,788
573,800
573,802
573,816
573,822
573,903
573,907
573,931
573,957
573,986
573,997
574,580
574,598
574,603
574,606
574,611
574,617
574,629
574,631
574,633
574,652
574,659
574,667
574,681
574,685
574,696
574,705
574,709
574,713
574,714
574,737
574,740
574,743
574,751
574,755
574,757
574,762
574,788
574,797
574,801
574,822
574,830
574,848
574,862
574,871
574,874
574,911
574,940
574,950
574,957
574,965
574,997
575,675
575,884
575,972
576,582
576,590
576,622
576,647
576,665
576,688
576,698
576,720
576,796
576,828
576,844
576,962
576,993
577,977
578,860
578,890
578,937
580,598
580,603
580,606
580,608
580,611
580,617
580,627
580,628
580,629
580,659
580,667
580,681
580,685
580,696
580,700
580,704
580,709
580,737
580,740
580,743
580,755
580,756
580,757
580,762
580,777
580,778
580,785
580,788
580,797
580,800
580,802
580,816
580,822
580,831
580,844
580,862
580,874
580,903
580,907
580,914
580,931
580,940
580,947
580,957
580,965
580,986
580,992
580,997
581,630
581,731
581,738
581,792
581,860
581,939
582,583
582,586
582,590
582,619
582,622
582,688
582,698
582,705
582,714
582,718
582,720
582,749
582,750
582,758
582,766
582,774
582,779
582,791
582,796
582,799
582,800
582,828
582,830
582,844
582,891
582,962
582,980
582,993
583,586
583,590
583,619
583,622
583,655
583,688
583,698
583,705
583,714
583,718
583,720
583,749
583,766
583,774
583,779
583,791
583,796
583,800
583,828
583,830
583,844
583,891
583,940
583,962
583,980
583,993
584,762
584,778
586,590
586,622
586,629
586,631
586,633
586,665
586,667
586,672
586,685
586,688
586,698
586,705
586,708
586,713
586,714
586,718
586,720
586,737
586,749
586,751
586,755
586,762
586,766
586,774
586,777
586,778
586,779
586,796
586,797
586,801
586,828
586,830
586,832
586,844
586,848
586,862
586,940
586,950
586,959
586,962
586,965
586,980
586,993
587,898
587,915
588,630
588,731
588,860
588,883
588,890
589,643
590,619
590,622
590,688
590,698
590,705
590,708
590,714
590,718
590,720
590,749
590,750
590,766
590,774
590,777
590,779
590,791
590,796
590,800
590,828
590,830
590,844
590,891
590,940
590,959
590,962
590,980
590,993
592,659
594,597
594,615
594,641
594,644
594,650
594,656
594,662
594,727
594,738
594,753
594,761
594,768
594,944
594,960
595,975
596,803
597,615
597,641
597,644
597,654
597,662
597,708
597,724
597,727
597,738
597,761
597,768
597,787
597,960
597,963
598,603
598,606
598,617
598,681
598,696
598,709
598,740
598,743
598,757
598,788
598,822
598,907
598,957
598,997
601,848
601,950
602,724
603,606
603,611
603,617
603,627
603,628
603,652
603,659
603,681
603,696
603,709
603,740
603,743
603,757
603,785
603,788
603,800
603,816
603,822
603,831
603,874
603,903
603,907
603,957
603,986
603,997
604,739
604,941
604,986
606,617
606,627
606,628
606,652
606,659
606,681
606,696
606,700
606,709
606,711
606,740
606,743
606,755
606,757
606,768
606,778
606,785
606,788
606,800
606,802
606,816
606,822
606,831
606,874
606,903
606,907
606,931
606,957
606,986
606,997
608,696
608,709
608,740
608,757
608,823
608,957
610,629
610,633
610,667
610,675
610,685
610,705
610,737
610,751
610,755
610,801
610,862
610,965
611,617
611,659
611,696
611,709
611,727
611,740
611,743
611,997
613,706
613,745
613,776
613,790
613,833
613,918
613,936
613,943
614,662
615,641
615,644
615,654
615,656
615,662
615,682
615,691
615,708
615,727
615,738
615,753
615,761
615,768
615,792
615,841
615,843
615,906
615,912
615,944
615,960
615,963
615,982
616,635
617,627
617,628
617,652
617,659
617,681
617,696
617,700
617,709
617,740
617,743
617,757
617,774
617,788
617,800
617,802
617,816
617,822
617,831
617,874
617,903
617,907
617,957
617,986
617,997
619,622
619,714
619,720
619,766
619,774
619,791
619,793
619,828
619,844
619,962
619,993
620,831
622,629
622,655
622,665
622,667
622,688
622,698
622,705
622,708
622,714
622,718
622,720
622,737
622,749
622,750
622,755
622,766
622,774
622,777
622,779
622,791
622,796
622,799
622,800
622,828
622,830
622,832
622,844
622,891
622,940
622,954
622,959
622,962
622,980
622,993
625,828
627,696
627,709
627,740
627,743
627,757
627,788
627,816
627,822
627,907
627,997
628,696
628,709
628,740
628,743
628,757
628,788
628,822
628,907
628,957
628,986
628,997
629,631
629,633
629,655
629,665
629,667
629,672
629,675
629,685
629,705
629,708
629,713
629,714
629,718
629,720
629,737
629,749
629,751
629,755
629,762
629,777
629,778
629,779
629,797
629,801
629,830
629,832
629,837
629,844
629,862
629,871
629,887
629,911
629,940
629,959
629,965
629,973
629,997
630,731
630,754
630,764
630,772
630,811
630,821
630,860
630,873
630,890
630,937
630,939
630,968
630,980
630,985
631,633
631,667
631,669
631,672
631,675
631,682
631,685
631,705
631,708
631,713
631,714
631,718
631,737
631,749
631,751
631,755
631,762
631,777
631,778
631,779
631,797
631,801
631,803
631,830
631,832
631,848
631,862
631,871
631,911
631,940
631,949
631,950
631,959
631,965
633,655
633,665
633,667
633,672
633,675
633,685
633,705
633,708
633,713
633,714
633,718
633,737
633,749
633,751
633,755
633,762
633,777
633,778
633,779
633,797
633,801
633,830
633,832
633,844
633,848
633,862
633,871
633,887
633,911
633,940
633,959
633,965
633,973
635,795
636,822
636,986
636,992
638,956
639,660
639,706
639,745
639,760
639,776
639,790
639,819
639,840
639,918
639,943
639,951
640,786
641,644
641,654
641,656
641,662
641,677
641,691
641,708
641,727
641,738
641,753
641,761
641,768
641,792
641,841
641,843
641,906
641,912
641,944
641,960
641,963
641,982
643,993
644,654
644,656
644,662
644,708
644,727
644,738
644,753
644,761
644,768
644,843
644,912
644,944
644,960
644,963
646,948
648,675
650,656
650,672
650,691
650,708
650,727
650,753
650,762
650,778
650,832
650,857
650,899
650,944
650,977
652,659
652,681
652,696
652,709
652,740
652,802
652,822
652,957
652,997
653,790
653,792
653,840
653,935
654,656
654,662
654,682
654,708
654,727
654,738
654,753
654,761
654,768
654,787
654,792
654,841
654,843
654,865
654,906
654,912
654,960
654,963
655,667
655,668
655,685
655,705
655,708
655,714
655,717
655,720
655,737
655,743
655,751
655,755
655,774
655,777
655,801
655,848
655,862
655,864
655,887
655,891
655,940
655,950
655,965
656,662
656,691
656,708
656,727
656,738
656,753
656,761
656,768
656,912
656,944
656,960
656,963
656,982
656,997
657,898
659,681
659,696
659,709
659,740
659,743
659,756
659,775
659,785
659,822
659,907
659,957
659,986
659,997
660,676
660,706
660,745
660,776
660,840
660,918
660,943
662,691
662,708
662,727
662,738
662,753
662,761
662,768
662,792
662,841
662,906
662,907
662,912
662,944
662,960
662,963
662,982
665,667
665,685
665,705
665,708
665,713
665,714
665,718
665,737
665,751
665,755
665,777
665,779
665,796
665,797
665,801
665,826
665,830
665,832
665,844
665,862
665,871
665,940
665,959
665,962
665,988
666,802
667,672
667,675
667,685
667,688
667,705
667,708
667,713
667,714
667,718
667,737
667,749
667,751
667,755
667,762
667,777
667,778
667,779
667,797
667,801
667,830
667,832
667,844
667,862
667,871
667,887
667,911
667,940
667,959
667,965
667,973
668,848
668,950
669,672
669,762
669,959
671,957
672,682
672,685
672,705
672,708
672,713
672,714
672,718
672,737
672,749
672,751
672,755
672,762
672,777
672,778
672,779
672,796
672,797
672,801
672,803
672,830
672,832
672,848
672,862
672,871
672,911
672,940
672,949
672,950
672,959
672,965
675,685
675,705
675,714
675,737
675,751
675,755
675,774
675,801
675,844
675,862
675,871
675,911
675,940
675,965
677,727
677,738
677,985
679,687
679,731
681,696
681,709
681,740
681,743
681,757
681,785
681,822
681,874
681,907
681,957
681,997
682,713
682,738
682,762
682,777
682,778
682,830
682,832
682,848
682,940
682,950
682,959
685,705
685,708
685,713
685,714
685,718
685,737
685,749
685,751
685,755
685,762
685,777
685,778
685,779
685,797
685,801
685,830
685,832
685,844
685,848
685,862
685,871
685,887
685,891
685,911
685,940
685,959
685,965
685,973
688,698
688,705
688,708
688,713
688,718
688,720
688,737
688,749
688,762
688,766
688,774
688,777
688,778
688,779
688,796
688,797
688,801
688,828
688,830
688,832
688,844
688,940
688,959
688,962
688,965
688,993
691,708
691,727
691,738
691,753
691,761
691,960
691,982
693,699
693,902
695,709
696,700
696,709
696,740
696,743
696,757
696,778
696,785
696,788
696,802
696,816
696,822
696,831
696,874
696,903
696,907
696,914
696,931
696,947
696,957
696,986
696,997
698,705
698,708
698,713
698,714
698,718
698,720
698,749
698,762
698,774
698,777
698,779
698,796
698,828
698,830
698,832
698,844
698,940
698,962
698,993
700,709
700,740
700,785
700,822
700,997
704,740
704,822
705,708
705,713
705,714
705,718
705,720
705,737
705,749
705,751
705,755
705,762
705,774
705,777
705,778
705,779
705,797
705,801
705,828
705,830
705,832
705,844
705,862
705,871
705,911
705,940
705,959
705,962
705,965
705,973
705,993
706,745
706,776
706,790
706,795
706,819
706,918
706,943
708,713
708,714
708,718
708,727
708,737
708,738
708,749
708,751
708,753
708,755
708,761
708,762
708,768
708,774
708,777
708,778
708,779
708,787
708,796
708,797
708,801
708,830
708,832
708,841
708,843
708,844
708,848
708,862
708,871
708,887
708,891
708,906
708,911
708,912
708,940
708,944
708,950
708,959
708,960
708,963
708,965
708,982
709,740
709,743
709,757
709,762
709,785
709,788
709,800
709,802
709,816
709,822
709,831
709,866
709,874
709,903
709,907
709,944
709,957
709,986
709,997
711,816
713,718
713,737
713,749
713,751
713,755
713,762
713,777
713,778
713,779
713,796
713,797
713,801
713,830
713,832
713,848
713,862
713,871
713,911
713,940
713,950
713,959
713,965
714,718
714,720
714,737
714,749
714,751
714,755
714,762
714,766
714,773
714,774
714,777
714,778
714,779
714,796
714,797
714,801
714,828
714,830
714,832
714,844
714,848
714,862
714,871
714,887
714,891
714,898
714,911
714,912
714,940
714,950
714,959
714,962
714,965
714,973
714,980
714,993
715,722
715,817
716,848
716,950
718,720
718,737
718,749
718,751
718,755
718,762
718,766
718,774
718,777
718,778
718,779
718,796
718,797
718,801
718,828
718,830
718,832
718,844
718,848
718,862
718,871
718,911
718,940
718,950
718,959
718,962
718,965
718,993
720,749
720,766
720,774
720,779
720,791
720,796
720,800
720,805
720,828
720,830
720,844
720,891
720,940
720,962
720,993
722,810
722,817
722,973
723,901
724,897
726,928
727,738
727,740
727,753
727,761
727,768
727,912
727,944
727,963
727,997
728,829
731,821
731,860
731,873
731,879
731,890
731,912
731,937
731,939
731,952
731,953
731,968
731,985
732,823
736,935
737,749
737,751
737,755
737,762
737,777
737,778
737,779
737,797
737,801
737,830
737,832
737,844
737,848
737,862
737,871
737,887
737,911
737,940
737,959
737,965
737,973
737,997
738,753
738,761
738,768
738,792
738,841
738,843
738,906
738,944
738,960
738,963
738,982
739,853
739,877
740,743
740,757
740,778
740,785
740,788
740,802
740,816
740,822
740,831
740,866
740,874
740,903
740,907
740,914
740,931
740,947
740,957
740,986
740,997
741,758
743,755
743,757
743,788
743,802
743,816
743,822
743,831
743,837
743,874
743,882
743,903
743,907
743,916
743,931
743,947
743,957
743,986
743,997
744,762
744,832
744,959
745,776
745,790
745,819
745,918
745,943
745,951
746,872
749,751
749,755
749,762
749,774
749,777
749,778
749,779
749,796
749,797
749,801
749,828
749,830
749,832
749,844
749,848
749,862
749,871
749,940
749,950
749,959
749,962
749,965
749,993
750,758
750,800
750,993
751,755
751,762
751,774
751,777
751,778
751,779
751,797
751,801
751,830
751,832
751,848
751,862
751,871
751,887
751,911
751,940
751,959
751,965
751,973
753,761
753,768
753,912
753,944
753,960
753,963
753,982
754,811
754,873
754,980
755,762
755,777
755,778
755,779
755,797
755,801
755,830
755,832
755,844
755,848
755,862
755,871
755,887
755,907
755,911
755,940
755,959
755,965
755,973
755,997
756,990
757,788
757,802
757,816
757,822
757,866
757,874
757,903
757,907
757,912
757,916
757,931
757,957
757,984
757,986
757,992
757,997
759,851
760,776
760,790
760,795
760,819
760,840
760,918
760,943
760,951
761,768
761,841
761,843
761,912
761,942
761,944
761,960
761,963
762,777
762,778
762,779
762,796
762,797
762,801
762,803
762,807
762,830
762,832
762,844
762,848
762,862
762,871
762,903
762,911
762,940
762,950
762,959
762,965
764,770
764,821
764,860
764,873
764,937
764,980
764,985
766,774
766,779
766,791
766,796
766,800
766,813
766,828
766,844
766,891
766,962
766,980
766,993
768,792
768,830
768,841
768,906
768,960
768,963
771,931
772,821
772,985
774,777
774,779
774,791
774,796
774,800
774,828
774,830
774,844
774,891
774,940
774,957
774,962
774,993
776,790
776,795
776,796
776,811
776,819
776,840
776,918
776,943
776,951
777,778
777,779
777,796
777,797
777,801
777,828
777,830
777,832
777,844
777,848
777,862
777,871
777,887
777,911
777,940
777,950
777,959
777,962
777,965
777,993
778,779
778,796
778,797
778,801
778,803
778,830
778,832
778,844
778,848
778,862
778,871
778,911
778,940
778,949
778,950
778,959
778,965
779,796
779,797
779,801
779,828
779,830
779,832
779,844
779,848
779,862
779,871
779,911
779,940
779,950
779,959
779,962
779,965
779,993
785,997
787,960
788,802
788,822
788,831
788,874
788,903
788,907
788,914
788,947
788,957
788,992
788,997
789,798
790,795
790,796
790,840
790,918
790,943
790,951
791,828
791,844
791,877
791,962
791,993
792,935
792,960
792,982
793,891
793,993
795,819
795,943
796,797
796,828
796,830
796,832
796,844
796,940
796,962
796,980
796,993
797,801
797,830
797,832
797,848
797,862
797,871
797,911
797,940
797,950
797,959
797,965
799,828
799,962
799,993
800,822
800,828
800,957
800,962
800,993
800,997
801,830
801,832
801,844
801,848
801,862
801,871
801,887
801,911
801,940
801,959
801,965
801,973
802,816
802,822
802,916
802,997
803,959
805,872
805,978
811,860
811,890
811,937
813,979
816,822
816,946
816,997
819,943
819,951
821,860
821,873
821,879
821,890
821,937
821,939
821,952
821,953
821,968
821,985
822,831
822,874
822,903
822,907
822,944
822,957
822,986
822,997
824,961
828,830
828,844
828,940
828,962
828,980
828,993
830,832
830,844
830,848
830,862
830,871
830,911
830,940
830,950
830,959
830,962
830,965
830,993
831,836
831,903
831,907
831,957
831,997
832,844
832,848
832,862
832,871
832,911
832,940
832,949
832,950
832,959
832,965
832,988
834,908
840,918
840,943
841,960
843,847
843,906
843,960
844,891
844,940
844,962
844,980
844,993
847,991
848,862
848,871
848,887
848,891
848,940
848,950
848,959
848,965
848,998
848,999
856,953
860,873
860,879
860,890
860,912
860,937
860,939
860,952
860,953
860,969
860,980
860,984
860,985
862,871
862,887
862,911
862,940
862,959
862,965
862,973
863,932
864,887
864,891
866,900
866,997
871,911
871,940
871,959
871,965
871,973
873,879
873,890
873,937
873,952
873,977
873,980
873,985
874,907
874,957
874,997
879,939
879,953
879,985
887,891
887,940
887,950
887,959
887,965
890,937
890,939
890,952
890,980
890,985
891,912
891,950
891,959
903,907
903,957
903,997
906,960
907,931
907,957
907,986
907,997
911,940
911,959
911,965
911,973
911,997
912,944
912,952
912,960
912,968
914,931
914,957
918,943
918,951
921,941
929,964
931,957
931,997
937,952
937,953
937,968
937,980
937,985
939,985
940,950
940,957
940,959
940,962
940,965
940,993
941,968
943,951
950,959
950,998
950,999
952,968
953,985
956,980
957,986
957,997
959,962
959,965
960,963
960,982
962,968
962,993
963,982
968,985
980,993
986,997
