0,12
0,211
0,214
0,217
0,247
0,250
0,260
0,410
0,426
0,486
0,581
0,599
0,607
0,616
0,637
0,638
0,642
0,651
0,934
1,24
1,51
1,66
1,88
1,95
1,146
1,149
1,166
1,212
1,236
1,285
1,288
1,303
1,307
1,324
1,327
1,330
1,345
1,491
1,556
1,566
1,567
1,582
1,590
1,614
1,622
1,678
1,717
1,724
1,774
1,844
1,875
1,885
1,906
1,914
1,924
1,962
1,989
2,85
2,122
2,245
2,246
2,342
2,391
2,398
2,408
2,511
2,514
2,771
2,774
2,790
2,882
2,954
2,996
3,4
3,14
3,64
3,72
3,74
3,202
3,278
3,347
3,355
3,394
3,414
3,418
3,427
3,445
3,496
3,499
3,649
3,712
3,752
3,765
3,790
3,939
4,49
4,50
4,85
4,120
4,130
4,163
4,179
4,268
4,274
4,306
4,325
4,420
4,475
4,560
4,715
4,752
4,861
4,941
4,961
4,996
5,84
5,93
5,197
5,587
5,647
5,668
5,681
5,721
5,740
5,753
5,777
5,797
5,926
5,940
5,959
5,997
6,10
6,22
6,76
6,88
6,127
6,138
6,158
6,175
6,349
6,364
6,395
6,397
6,494
6,498
6,544
6,608
6,619
6,828
6,892
7,110
7,143
7,222
7,232
7,253
7,269
7,481
7,500
7,514
7,556
7,913
7,998
8,14
8,116
8,233
8,391
8,514
8,534
8,550
8,570
8,674
8,746
8,798
8,855
8,870
8,881
8,932
8,987
9,18
9,49
9,59
9,84
9,96
9,104
9,106
9,150
9,151
9,186
9,299
9,334
9,371
9,415
9,430
9,485
9,522
9,525
9,537
9,610
9,677
9,687
9,718
9,800
9,815
9,919
10,42
10,102
10,141
10,197
10,232
10,254
10,266
10,403
10,430
10,442
10,446
10,457
10,458
10,495
10,515
10,552
10,579
10,587
10,608
10,631
10,668
10,690
10,695
10,708
10,713
10,762
10,777
10,797
10,917
10,929
10,940
10,963
11,16
11,25
11,90
11,198
11,340
11,410
11,413
11,469
11,623
11,681
11,690
11,698
11,730
11,773
11,883
11,949
11,994
12,134
12,146
12,274
12,410
12,451
12,506
12,519
12,616
12,651
12,672
12,708
12,714
12,720
12,778
12,866
12,882
12,891
12,949
12,959
13,25
13,157
13,158
13,400
13,442
13,448
13,453
13,611
13,647
13,656
13,723
13,736
13,925
13,951
13,960
14,93
14,135
14,161
14,234
14,269
14,315
14,324
14,444
14,482
14,483
14,519
14,866
14,939
14,973
15,18
15,53
15,99
15,332
15,378
15,439
15,487
15,570
15,613
15,682
15,729
15,750
15,778
15,801
15,884
15,914
15,959
16,25
16,161
16,230
16,281
16,312
16,340
16,387
16,391
16,395
16,477
16,623
16,672
16,788
16,810
16,880
16,913
16,939
17,26
17,47
17,76
17,83
17,102
17,116
17,129
17,165
17,170
17,179
17,186
17,255
17,334
17,394
17,411
17,432
17,458
17,466
17,493
17,506
17,529
17,535
17,613
17,631
17,713
17,749
17,762
17,778
17,800
17,825
17,858
17,882
17,903
17,911
17,916
17,984
17,994
18,31
18,35
18,47
18,73
18,79
18,94
18,103
18,153
18,155
18,156
18,165
18,186
18,194
18,197
18,202
18,226
18,239
18,254
18,258
18,259
18,266
18,291
18,304
18,310
18,328
18,368
18,402
18,403
18,411
18,450
18,457
18,458
18,519
18,525
18,529
18,536
18,539
18,553
18,570
18,574
18,604
18,607
18,615
18,656
18,672
18,682
18,713
18,726
18,738
18,748
18,749
18,750
18,753
18,758
18,762
18,777
18,778
18,793
18,797
18,830
18,832
18,839
18,842
18,848
18,875
18,940
18,950
18,959
19,23
19,25
19,26
19,31
19,32
19,34
19,35
19,37
19,39
19,45
19,51
19,55
19,66
19,70
19,73
19,79
19,84
19,88
19,90
19,100
19,112
19,118
19,133
19,142
19,144
19,146
19,147
19,149
19,156
19,160
19,166
19,174
19,175
19,176
19,178
19,190
19,193
19,210
19,212
19,218
19,236
19,240
19,243
19,263
19,265
19,285
19,286
19,288
19,301
19,307
19,308
19,321
19,328
19,330
19,345
19,350
19,363
19,375
19,377
19,390
19,412
19,417
19,440
19,449
19,455
19,467
19,474
19,491
19,510
19,515
19,536
19,548
19,550
19,559
19,567
19,582
19,583
19,590
19,622
19,651
19,655
19,700
19,705
19,720
19,766
19,779
19,783
19,785
19,796
19,800
19,809
19,813
19,828
19,844
19,887
19,891
19,962
19,993
20,39
20,43
20,270
20,320
20,490
20,523
20,732
20,798
20,818
21,47
21,154
21,184
21,278
21,340
21,389
21,596
21,678
21,801
21,903
21,924
22,42
22,61
22,89
22,164
22,232
22,235
22,275
22,294
22,297
22,406
22,467
22,507
22,570
22,837
22,903
22,932
22,973
22,986
23,24
23,164
23,171
23,277
23,392
23,393
23,522
23,660
23,687
23,756
23,768
23,770
23,915
24,88
24,138
24,230
24,322
24,397
24,429
24,479
24,481
24,494
24,537
24,604
24,666
24,747
24,756
24,954
25,72
25,223
25,233
25,255
25,282
25,334
25,338
25,340
25,553
25,555
25,607
25,649
25,653
25,686
25,770
25,845
26,31
26,32
26,34
26,35
26,37
26,39
26,45
26,51
26,55
26,66
26,70
26,71
26,73
26,79
26,88
26,90
26,91
26,100
26,112
26,118
26,128
26,138
26,142
26,144
26,149
26,156
26,160
26,161
26,166
26,175
26,178
26,186
26,189
26,190
26,193
26,210
26,212
26,226
26,236
26,240
26,243
26,255
26,263
26,265
26,276
26,285
26,286
26,288
26,290
26,293
26,299
26,300
26,301
26,307
26,315
26,321
26,325
26,328
26,330
26,332
26,345
26,349
26,357
26,363
26,366
26,414
26,417
26,446
26,466
26,467
26,491
26,506
26,517
26,567
26,576
26,582
26,583
26,590
26,599
26,622
26,700
26,713
26,720
26,750
26,759
26,773
26,774
26,791
26,794
26,800
26,813
26,815
26,828
26,844
26,900
26,913
26,922
26,928
26,940
26,962
26,993
27,75
27,82
27,150
27,158
27,180
27,196
27,216
27,246
27,250
27,262
27,277
27,314
27,324
27,331
27,339
27,367
27,399
27,423
27,429
27,437
27,470
27,471
27,475
27,485
27,488
27,510
27,532
27,535
27,542
27,547
27,573
27,574
27,602
27,603
27,606
27,627
27,628
27,652
27,681
27,695
27,696
27,704
27,709
27,732
27,740
27,757
27,783
27,785
27,802
27,816
27,822
27,859
27,874
27,882
27,893
27,902
27,913
27,919
27,938
27,986
27,997
28,75
28,268
28,311
28,329
28,445
28,542
28,674
28,717
28,722
28,754
28,883
28,923
28,945
28,951
29,174
29,203
29,223
29,254
29,375
29,415
29,422
29,442
29,508
29,692
29,730
29,757
29,893
29,935
29,948
30,49
30,96
30,158
30,204
30,316
30,359
30,375
30,427
30,625
30,666
30,683
30,814
30,899
30,925
30,979
31,32
31,34
31,35
31,37
31,39
31,45
31,51
31,55
31,60
31,65
31,66
31,70
31,71
31,73
31,79
31,84
31,88
31,90
31,91
31,100
31,112
31,118
31,128
31,130
31,138
31,142
31,144
31,146
31,149
31,155
31,156
31,160
31,161
31,162
31,166
31,174
31,175
31,176
31,178
31,189
31,190
31,193
31,194
31,202
31,210
31,212
31,215
31,222
31,226
31,236
31,240
31,243
31,247
31,263
31,265
31,276
31,285
31,286
31,288
31,293
31,300
31,301
31,307
31,308
31,321
31,325
31,328
31,330
31,332
31,345
31,355
31,363
31,403
31,414
31,415
31,417
31,440
31,446
31,449
31,451
31,455
31,456
31,467
31,468
31,483
31,484
31,491
31,515
31,526
31,527
31,550
31,553
31,559
31,576
31,582
31,583
31,590
31,599
31,619
31,622
31,682
31,688
31,705
31,718
31,720
31,750
31,758
31,760
31,766
31,774
31,791
31,796
31,799
31,800
31,824
31,828
31,844
31,848
31,876
31,897
31,941
31,962
31,966
31,968
31,980
31,993
32,34
32,35
32,37
32,39
32,45
32,51
32,55
32,60
32,65
32,66
32,70
32,71
32,73
32,76
32,79
32,84
32,88
32,90
32,91
32,100
32,103
32,112
32,118
32,121
32,128
32,135
32,138
32,142
32,144
32,146
32,149
32,155
32,156
32,160
32,161
32,162
32,166
32,168
32,174
32,175
32,176
32,178
32,189
32,190
32,193
32,202
32,208
32,210
32,212
32,215
32,218
32,221
32,226
32,236
32,240
32,243
32,247
32,263
32,265
32,266
32,285
32,286
32,288
32,293
32,294
32,299
32,300
32,301
32,304
32,307
32,308
32,321
32,325
32,328
32,330
32,332
32,345
32,354
32,355
32,363
32,403
32,414
32,415
32,417
32,440
32,446
32,449
32,450
32,451
32,455
32,456
32,467
32,491
32,515
32,517
32,526
32,550
32,552
32,559
32,567
32,576
32,582
32,583
32,590
32,599
32,619
32,622
32,649
32,688
32,718
32,720
32,750
32,759
32,766
32,774
32,779
32,788
32,791
32,796
32,797
32,799
32,800
32,821
32,828
32,832
32,844
32,848
32,886
32,897
32,962
32,968
32,980
32,984
32,993
33,88
33,353
33,383
33,560
33,604
33,649
33,720
33,769
33,782
33,853
33,959
34,35
34,37
34,39
34,45
34,51
34,55
34,60
34,65
34,66
34,70
34,71
34,73
34,79
34,84
34,88
34,90
34,91
34,100
34,103
34,112
34,118
34,128
34,130
34,135
34,138
34,142
34,144
34,146
34,147
34,149
34,155
34,156
34,160
34,161
34,166
34,174
34,175
34,176
34,178
34,186
34,189
34,190
34,193
34,210
34,212
34,226
34,236
34,240
34,243
34,247
34,263
34,265
34,266
34,285
34,286
34,288
34,291
34,293
34,300
34,301
34,304
34,307
34,310
34,321
34,325
34,328
34,330
34,332
34,345
34,347
34,363
34,369
34,414
34,415
34,417
34,440
34,446
34,449
34,455
34,456
34,467
34,474
34,490
34,491
34,515
34,517
34,526
34,559
34,567
34,576
34,582
34,583
34,590
34,599
34,622
34,668
34,688
34,700
34,720
34,740
34,744
34,750
34,762
34,766
34,774
34,788
34,791
34,794
34,799
34,800
34,813
34,821
34,824
34,828
34,844
34,897
34,917
34,962
34,993
35,37
35,39
35,45
35,47
35,51
35,55
35,58
35,60
35,66
35,70
35,71
35,73
35,79
35,84
35,88
35,90
35,91
35,100
35,103
35,112
35,118
35,128
35,130
35,135
35,138
35,142
35,144
35,146
35,149
35,153
35,155
35,156
35,160
35,161
35,162
35,166
35,174
35,175
35,176
35,178
35,187
35,189
35,190
35,193
35,194
35,197
35,202
35,210
35,212
35,215
35,226
35,236
35,240
35,243
35,247
35,258
35,263
35,265
35,266
35,274
35,285
35,286
35,288
35,293
35,300
35,301
35,304
35,307
35,308
35,321
35,325
35,328
35,330
35,332
35,345
35,355
35,363
35,403
35,414
35,415
35,417
35,440
35,446
35,449
35,455
35,456
35,467
35,468
35,470
35,484
35,491
35,515
35,526
35,550
35,559
35,567
35,576
35,582
35,583
35,588
35,590
35,599
35,622
35,682
35,688
35,720
35,735
35,750
35,760
35,762
35,766
35,774
35,777
35,779
35,791
35,797
35,799
35,800
35,824
35,828
35,832
35,844
35,848
35,886
35,897
35,914
35,941
35,950
35,962
35,968
35,980
35,993
36,44
36,48
36,120
36,140
36,194
36,195
36,290
36,335
36,352
36,413
36,519
36,538
36,548
36,573
36,610
36,670
36,859
36,877
36,884
36,887
36,891
37,39
37,45
37,51
37,54
37,55
37,60
37,65
37,66
37,70
37,71
37,73
37,76
37,79
37,84
37,88
37,90
37,91
37,100
37,107
37,112
37,118
37,128
37,130
37,137
37,138
37,142
37,144
37,146
37,149
37,155
37,156
37,160
37,161
37,162
37,166
37,168
37,174
37,175
37,176
37,178
37,186
37,189
37,190
37,193
37,198
37,210
37,212
37,218
37,226
37,236
37,240
37,241
37,243
37,247
37,263
37,265
37,276
37,285
37,286
37,288
37,293
37,294
37,297
37,299
37,300
37,301
37,302
37,307
37,321
37,325
37,328
37,330
37,332
37,345
37,354
37,355
37,363
37,369
37,414
37,415
37,417
37,440
37,446
37,450
37,451
37,452
37,455
37,456
37,463
37,465
37,467
37,482
37,491
37,497
37,515
37,519
37,526
37,527
37,548
37,552
37,557
37,559
37,567
37,576
37,582
37,583
37,586
37,590
37,599
37,619
37,622
37,668
37,688
37,705
37,707
37,710
37,714
37,718
37,720
37,750
37,758
37,766
37,774
37,779
37,787
37,788
37,791
37,796
37,799
37,800
37,811
37,828
37,844
37,873
37,891
37,962
37,968
37,980
37,993
38,54
38,76
38,115
38,146
38,168
38,177
38,178
38,181
38,189
38,197
38,202
38,214
38,241
38,242
38,270
38,274
38,280
38,283
38,294
38,299
38,307
38,308
38,328
38,335
38,342
38,355
38,411
38,412
38,427
38,450
38,451
38,452
38,456
38,457
38,488
38,516
38,522
38,526
38,538
38,548
38,574
38,583
38,610
38,619
38,622
38,658
38,659
38,665
38,672
38,681
38,698
38,705
38,706
38,708
38,713
38,714
38,720
38,762
38,774
38,791
38,796
38,803
38,811
38,832
38,844
38,856
38,891
38,910
38,924
38,964
38,965
38,970
38,980
39,45
39,51
39,55
39,60
39,66
39,70
39,71
39,73
39,79
39,84
39,88
39,90
39,91
39,100
39,112
39,118
39,128
39,138
39,142
39,144
39,146
39,149
39,155
39,156
39,160
39,161
39,162
39,166
39,174
39,175
39,176
39,178
39,189
39,190
39,193
39,197
39,202
39,208
39,210
39,212
39,226
39,228
39,236
39,240
39,243
39,247
39,263
39,265
39,285
39,286
39,288
39,291
39,293
39,300
39,301
39,307
39,321
39,325
39,328
39,330
39,332
39,345
39,347
39,355
39,363
39,403
39,414
39,415
39,417
39,440
39,446
39,449
39,455
39,466
39,467
39,482
39,491
39,515
39,517
39,526
39,559
39,576
39,582
39,583
39,590
39,599
39,619
39,622
39,682
39,688
39,700
39,708
39,713
39,720
39,751
39,759
39,766
39,774
39,777
39,791
39,799
39,800
39,824
39,828
39,841
39,844
39,871
39,886
39,897
39,914
39,962
39,980
39,984
39,993
40,49
40,84
40,92
40,96
40,146
40,174
40,250
40,300
40,457
40,464
40,500
40,513
40,515
40,579
40,590
40,603
40,604
40,650
40,669
40,676
40,711
40,746
40,749
40,874
40,917
40,939
41,113
41,180
41,196
41,235
41,241
41,361
41,447
41,484
41,542
41,547
41,602
41,668
41,696
41,716
41,740
41,750
41,757
41,784
41,788
41,811
41,822
41,878
41,919
41,963
42,63
42,232
42,266
42,356
42,373
42,381
42,390
42,437
42,457
42,477
42,564
42,579
42,653
42,658
42,668
42,809
42,824
42,828
43,126
43,191
43,204
43,276
43,334
43,366
43,379
43,426
43,479
43,504
43,771
43,841
43,972
43,977
44,215
44,263
44,272
44,420
44,466
44,472
44,521
44,616
44,617
44,811
44,920
44,927
45,51
45,55
45,60
45,65
45,66
45,70
45,71
45,73
45,79
45,84
45,88
45,90
45,91
45,97
45,100
45,112
45,118
45,128
45,130
45,138
45,142
45,144
45,146
45,147
45,149
45,156
45,160
45,161
45,166
45,174
45,175
45,176
45,178
45,187
45,189
45,190
45,193
45,197
45,198
45,202
45,208
45,210
45,212
45,226
45,236
45,240
45,243
45,247
45,265
45,266
45,285
45,286
45,288
45,293
45,300
45,301
45,307
45,310
45,321
45,325
45,328
45,330
45,332
45,345
45,347
45,355
45,363
45,369
45,370
45,403
45,414
45,415
45,417
45,440
45,446
45,449
45,450
45,455
45,456
45,467
45,468
45,470
45,491
45,515
45,517
45,559
45,576
45,582
45,583
45,590
45,599
45,619
45,622
45,648
45,677
45,688
45,720
45,774
45,777
45,791
45,796
45,799
45,800
45,828
45,844
45,848
45,854
45,954
45,962
45,980
45,984
45,986
45,993
46,92
46,126
46,219
46,329
46,330
46,462
46,515
46,625
46,690
46,722
46,775
46,897
46,927
46,962
47,73
47,77
47,79
47,80
47,103
47,128
47,129
47,140
47,148
47,154
47,165
47,170
47,191
47,194
47,197
47,202
47,254
47,258
47,259
47,266
47,269
47,291
47,304
47,308
47,348
47,366
47,368
47,395
47,403
47,439
47,446
47,458
47,472
47,485
47,488
47,493
47,522
47,525
47,529
47,538
47,552
47,559
47,576
47,586
47,594
47,615
47,624
47,631
47,642
47,648
47,654
47,669
47,672
47,682
47,708
47,718
47,738
47,744
47,749
47,751
47,762
47,768
47,774
47,777
47,778
47,779
47,797
47,830
47,832
47,848
47,891
47,897
47,911
47,940
47,949
47,950
47,959
47,960
48,76
48,80
48,81
48,102
48,103
48,106
48,129
48,140
48,164
48,165
48,170
48,192
48,194
48,195
48,197
48,202
48,209
48,216
48,239
48,241
48,242
48,250
48,253
48,258
48,259
48,263
48,266
48,277
48,291
48,304
48,308
48,312
48,317
48,328
48,330
48,331
48,336
48,348
48,399
48,403
48,412
48,417
48,426
48,427
48,435
48,450
48,451
48,455
48,458
48,466
48,522
48,525
48,529
48,532
48,538
48,542
48,548
48,551
48,552
48,557
48,559
48,580
48,586
48,606
48,610
48,617
48,622
48,629
48,631
48,633
48,639
48,651
48,655
48,667
48,672
48,675
48,685
48,705
48,708
48,709
48,713
48,714
48,718
48,737
48,740
48,743
48,751
48,755
48,757
48,762
48,777
48,778
48,788
48,797
48,801
48,830
48,832
48,844
48,851
48,862
48,871
48,887
48,891
48,895
48,911
48,940
48,959
48,965
48,970
48,973
48,997
49,96
49,150
49,151
49,168
49,225
49,231
49,244
49,419
49,478
49,527
49,537
49,567
49,601
49,699
49,908
50,71
50,77
50,84
50,92
50,129
50,183
50,194
50,210
50,217
50,327
50,338
50,440
50,467
50,491
50,496
50,515
50,552
50,630
50,713
50,723
50,767
50,778
50,796
50,816
50,830
50,860
50,956
50,964
50,965
50,974
51,55
51,60
51,65
51,66
51,70
51,71
51,73
51,76
51,79
51,84
51,86
51,88
51,90
51,91
51,100
51,112
51,118
51,121
51,128
51,138
51,141
51,142
51,144
51,146
51,149
51,155
51,156
51,160
51,161
51,162
51,166
51,174
51,175
51,176
51,178
51,189
51,190
51,193
51,210
51,212
51,226
51,236
51,240
51,243
51,247
51,263
51,265
51,266
51,285
51,286
51,288
51,293
51,300
51,301
51,307
51,321
51,325
51,328
51,330
51,332
51,345
51,355
51,363
51,414
51,415
51,417
51,419
51,440
51,446
51,449
51,451
51,455
51,456
51,467
51,468
51,482
51,484
51,491
51,515
51,517
51,526
51,552
51,557
51,559
51,567
51,576
51,581
51,582
51,583
51,586
51,590
51,599
51,609
51,619
51,622
51,688
51,698
51,705
51,718
51,720
51,750
51,766
51,774
51,779
51,791
51,796
51,799
51,800
51,824
51,828
51,844
51,886
51,897
51,914
51,962
51,966
51,980
51,993
52,114
52,207
52,223
52,327
52,380
52,393
52,427
52,494
52,566
52,618
52,839
52,868
52,926
52,971
52,992
53,67
53,101
53,137
53,189
53,333
53,353
53,439
53,460
53,472
53,480
53,511
53,608
53,617
53,734
53,976
54,76
54,91
54,100
54,106
54,118
54,123
54,133
54,138
54,141
54,142
54,146
54,149
54,174
54,176
54,178
54,182
54,190
54,202
54,210
54,218
54,228
54,240
54,242
54,263
54,282
54,285
54,286
54,291
54,294
54,301
54,307
54,328
54,330
54,332
54,363
54,393
54,415
54,417
54,427
54,434
54,450
54,451
54,455
54,456
54,465
54,467
54,488
54,491
54,515
54,522
54,552
54,557
54,559
54,582
54,583
54,586
54,590
54,622
54,655
54,662
54,665
54,688
54,698
54,705
54,708
54,711
54,714
54,718
54,720
54,759
54,766
54,774
54,779
54,791
54,796
54,815
54,828
54,830
54,844
54,868
54,873
54,875
54,891
54,903
54,962
54,993
55,60
55,65
55,66
55,70
55,71
55,73
55,79
55,84
55,88
55,90
55,91
55,100
55,112
55,118
55,128
55,138
55,142
55,144
55,146
55,149
55,155
55,156
55,160
55,161
55,162
55,166
55,174
55,175
55,176
55,178
55,189
55,190
55,193
55,202
55,210
55,212
55,226
55,236
55,240
55,243
55,247
55,265
55,266
55,273
55,276
55,285
55,286
55,288
55,293
55,294
55,299
55,301
55,307
55,321
55,328
55,330
55,332
55,340
55,345
55,354
55,355
55,363
55,369
55,403
55,414
55,415
55,417
55,440
55,446
55,449
55,455
55,463
55,467
55,491
55,515
55,517
55,526
55,552
55,559
55,565
55,567
55,576
55,582
55,583
55,586
55,588
55,590
55,599
55,614
55,619
55,622
55,645
55,682
55,688
55,718
55,720
55,759
55,774
55,779
55,788
55,791
55,796
55,799
55,800
55,813
55,824
55,828
55,844
55,854
55,914
55,954
55,962
55,980
55,993
56,116
56,261
56,305
56,478
56,547
56,659
56,721
56,727
56,769
56,800
56,813
56,857
56,896
57,70
57,139
57,161
57,168
57,368
57,549
57,669
57,691
57,803
57,809
57,921
57,973
58,139
58,156
58,193
58,225
58,241
58,301
58,305
58,346
58,381
58,459
58,582
58,611
58,676
58,679
58,733
58,735
58,746
58,786
58,821
58,842
58,911
58,995
58,998
59,70
59,207
59,240
59,248
59,350
59,379
59,512
59,692
59,729
59,766
59,837
59,992
60,66
60,70
60,73
60,79
60,90
60,95
60,104
60,118
60,128
60,144
60,149
60,156
60,160
60,166
60,176
60,189
60,190
60,193
60,202
60,212
60,226
60,236
60,242
60,243
60,263
60,279
60,285
60,286
60,288
60,293
60,307
60,321
60,326
60,382
60,412
60,438
60,446
60,467
60,470
60,475
60,491
60,541
60,576
60,582
60,590
60,653
60,766
60,828
60,864
60,887
60,962
60,993
60,994
61,78
61,129
61,346
61,406
61,407
61,499
61,616
61,837
61,947
61,963
62,72
62,107
62,130
62,219
62,420
62,427
62,483
62,528
62,584
62,675
62,696
62,699
62,732
62,739
62,926
62,948
62,950
62,998
63,81
63,93
63,167
63,264
63,268
63,363
63,368
63,383
63,408
63,440
63,449
63,472
63,534
63,551
63,587
63,615
63,633
63,656
63,667
63,685
63,727
63,737
63,766
63,809
63,828
63,853
63,871
63,878
63,898
63,960
63,964
64,116
64,215
64,249
64,367
64,635
64,664
64,668
64,752
64,823
64,892
64,908
64,977
65,66
65,73
65,79
65,84
65,118
65,135
65,138
65,142
65,149
65,156
65,176
65,208
65,210
65,236
65,276
65,285
65,293
65,296
65,321
65,330
65,331
65,332
65,364
65,399
65,414
65,415
65,441
65,443
65,446
65,448
65,449
65,455
65,456
65,467
65,491
65,514
65,515
65,582
65,583
65,624
65,648
65,767
65,799
65,811
65,828
65,844
65,993
66,70
66,71
66,73
66,79
66,81
66,84
66,88
66,90
66,91
66,95
66,100
66,112
66,118
66,121
66,128
66,130
66,138
66,142
66,144
66,146
66,149
66,156
66,160
66,161
66,166
66,174
66,175
66,176
66,178
66,189
66,190
66,193
66,194
66,210
66,212
66,226
66,234
66,236
66,240
66,243
66,247
66,265
66,266
66,285
66,286
66,288
66,293
66,301
66,307
66,321
66,325
66,328
66,330
66,332
66,345
66,363
66,373
66,400
66,414
66,415
66,417
66,440
66,446
66,449
66,450
66,451
66,455
66,456
66,467
66,491
66,515
66,517
66,526
66,553
66,559
66,567
66,576
66,582
66,583
66,588
66,590
66,599
66,622
66,638
66,682
66,688
66,705
66,718
66,720
66,766
66,774
66,777
66,799
66,800
66,828
66,844
66,848
66,861
66,917
66,962
66,968
66,993
67,111
67,114
67,154
67,195
67,333
67,457
67,584
67,715
67,716
67,983
68,133
68,153
68,169
68,176
68,261
68,265
68,270
68,294
68,372
68,495
68,504
68,537
68,562
68,605
68,646
68,657
68,707
68,792
68,803
68,882
69,113
69,207
69,289
69,374
69,410
69,460
69,540
69,571
69,819
69,899
69,903
69,986
70,71
70,73
70,79
70,84
70,88
70,90
70,91
70,100
70,112
70,118
70,121
70,128
70,130
70,138
70,142
70,144
70,146
70,149
70,150
70,156
70,160
70,161
70,166
70,174
70,175
70,176
70,178
70,189
70,190
70,193
70,202
70,210
70,212
70,226
70,236
70,240
70,243
70,247
70,248
70,258
70,263
70,265
70,266
70,273
70,285
70,286
70,288
70,293
70,301
70,307
70,310
70,321
70,325
70,328
70,330
70,332
70,345
70,354
70,363
70,369
70,414
70,415
70,417
70,440
70,446
70,449
70,450
70,455
70,456
70,467
70,468
70,491
70,506
70,515
70,526
70,550
70,559
70,576
70,582
70,583
70,590
70,599
70,619
70,622
70,682
70,688
70,692
70,713
70,720
70,760
70,774
70,777
70,791
70,797
70,799
70,800
70,828
70,832
70,844
70,848
70,861
70,873
70,886
70,950
70,962
70,993
71,73
71,79
71,88
71,90
71,91
71,95
71,100
71,112
71,118
71,126
71,128
71,138
71,142
71,144
71,146
71,149
71,156
71,160
71,166
71,169
71,174
71,175
71,176
71,189
71,190
71,193
71,210
71,212
71,213
71,236
71,240
71,243
71,247
71,285
71,286
71,288
71,290
71,293
71,301
71,307
71,321
71,325
71,330
71,332
71,345
71,354
71,363
71,404
71,406
71,414
71,415
71,417
71,440
71,446
71,455
71,456
71,457
71,467
71,476
71,477
71,491
71,497
71,515
71,552
71,559
71,567
71,582
71,586
71,590
71,591
71,599
71,614
71,622
71,651
71,688
71,698
71,705
71,715
71,718
71,720
71,722
71,774
71,798
71,818
71,824
71,828
71,859
71,939
71,962
71,993
72,74
72,153
72,252
72,535
72,592
72,752
72,817
72,850
72,935
73,79
73,84
73,88
73,90
73,91
73,97
73,100
73,103
73,112
73,118
73,121
73,128
73,130
73,135
73,138
73,142
73,144
73,146
73,149
73,155
73,156
73,160
73,161
73,162
73,166
73,174
73,175
73,176
73,178
73,187
73,189
73,190
73,193
73,197
73,202
73,210
73,212
73,213
73,215
73,226
73,236
73,240
73,243
73,258
73,263
73,265
73,266
73,285
73,286
73,288
73,293
73,300
73,301
73,307
73,308
73,315
73,321
73,325
73,328
73,330
73,332
73,345
73,347
73,355
73,358
73,363
73,395
73,403
73,414
73,415
73,417
73,440
73,446
73,449
73,455
73,456
73,466
73,467
73,484
73,490
73,491
73,506
73,513
73,515
73,517
73,559
73,567
73,576
73,582
73,583
73,590
73,599
73,622
73,653
73,672
73,682
73,688
73,700
73,713
73,720
73,762
73,766
73,774
73,777
73,797
73,799
73,800
73,828
73,830
73,844
73,848
73,850
73,886
73,897
73,940
73,941
73,948
73,962
73,968
73,993
74,84
74,103
74,304
74,329
74,415
74,637
74,640
74,657
74,752
74,768
74,792
74,853
74,888
74,990
75,124
75,196
75,211
75,235
75,247
75,315
75,329
75,422
75,439
75,444
75,481
75,493
75,498
75,500
75,519
75,595
75,613
75,634
75,665
75,686
75,722
75,824
75,836
75,890
75,923
76,77
76,79
76,80
76,87
76,94
76,103
76,116
76,129
76,134
76,140
76,146
76,153
76,155
76,156
76,162
76,168
76,174
76,178
76,185
76,195
76,197
76,202
76,210
76,215
76,216
76,218
76,242
76,246
76,266
76,270
76,285
76,294
76,297
76,299
76,304
76,314
76,317
76,321
76,328
76,330
76,332
76,335
76,336
76,338
76,339
76,348
76,382
76,391
76,395
76,412
76,417
76,427
76,432
76,435
76,450
76,451
76,455
76,463
76,466
76,471
76,488
76,493
76,515
76,538
76,539
76,548
76,551
76,552
76,557
76,559
76,571
76,574
76,582
76,583
76,590
76,600
76,629
76,631
76,633
76,652
76,655
76,667
76,673
76,684
76,685
76,695
76,696
76,698
76,708
76,709
76,713
76,714
76,720
76,727
76,737
76,740
76,743
76,746
76,751
76,755
76,758
76,774
76,777
76,779
76,796
76,801
76,805
76,828
76,830
76,844
76,848
76,862
76,864
76,871
76,887
76,891
76,911
76,912
76,940
76,962
76,965
76,991
77,94
77,102
77,103
77,129
77,140
77,158
77,165
77,194
77,202
77,214
77,254
77,258
77,266
77,304
77,328
77,336
77,390
77,392
77,403
77,411
77,437
77,440
77,455
77,458
77,466
77,472
77,493
77,525
77,551
77,552
77,557
77,559
77,574
77,583
77,586
77,629
77,630
77,638
77,645
77,665
77,672
77,708
77,713
77,718
77,734
77,762
77,774
77,777
77,778
77,797
77,807
77,830
77,832
77,848
77,873
77,940
77,950
77,959
77,965
78,179
78,318
78,388
78,431
78,462
78,511
78,516
78,572
78,640
78,652
78,663
78,857
78,875
78,950
79,84
79,88
79,90
79,91
79,100
79,103
79,112
79,118
79,128
79,130
79,135
79,138
79,142
79,144
79,146
79,149
79,155
79,156
79,160
79,161
79,162
79,166
79,174
79,175
79,176
79,178
79,189
79,190
79,193
79,194
79,202
79,210
79,212
79,215
79,226
79,236
79,240
79,243
79,247
79,258
79,263
79,265
79,266
79,276
79,285
79,286
79,288
79,293
79,299
79,300
79,301
79,304
79,307
79,321
79,325
79,328
79,330
79,332
79,345
79,355
79,363
79,395
79,403
79,412
79,414
79,415
79,417
79,440
79,446
79,448
79,449
79,451
79,455
79,467
79,491
79,506
79,515
79,517
79,526
79,548
79,559
79,567
79,576
79,582
79,583
79,590
79,599
79,619
79,622
79,645
79,655
79,672
79,682
79,688
79,720
79,762
79,766
79,774
79,789
79,791
79,796
79,799
79,800
79,824
79,828
79,844
79,848
79,850
79,887
79,950
79,962
79,993
80,81
80,98
80,102
80,103
80,106
80,115
80,129
80,140
80,164
80,165
80,170
80,194
80,195
80,197
80,202
80,209
80,216
80,239
80,241
80,242
80,250
80,258
80,259
80,262
80,266
80,277
80,291
80,304
80,308
80,312
80,317
80,328
80,335
80,336
80,348
80,399
80,403
80,412
80,417
80,427
80,435
80,450
80,451
80,453
80,455
80,456
80,458
80,466
80,488
80,522
80,525
80,529
80,530
80,538
80,542
80,548
80,551
80,552
80,557
80,559
80,574
80,580
80,586
80,606
80,610
80,614
80,628
80,629
80,631
80,633
80,646
80,650
80,655
80,665
80,667
80,672
80,675
80,678
80,685
80,705
80,708
80,713
80,714
80,718
80,725
80,735
80,737
80,740
80,746
80,749
80,751
80,755
80,762
80,777
80,778
80,779
80,788
80,797
80,801
80,813
80,830
80,832
80,844
80,848
80,851
80,861
80,862
80,871
80,887
80,895
80,911
80,940
80,959
80,965
80,973
80,997
81,84
81,102
81,106
81,129
81,140
81,146
81,164
81,165
81,167
81,170
81,194
81,195
81,197
81,202
81,210
81,216
81,242
81,250
81,266
81,275
81,277
81,291
81,304
81,308
81,312
81,317
81,328
81,331
81,336
81,348
81,358
81,399
81,403
81,405
81,412
81,415
81,417
81,423
81,427
81,435
81,450
81,451
81,455
81,458
81,466
81,491
81,525
81,529
81,538
81,548
81,551
81,552
81,559
81,573
81,580
81,586
81,603
81,606
81,610
81,614
81,622
81,628
81,629
81,631
81,633
81,655
81,667
81,672
81,675
81,685
81,705
81,708
81,709
81,713
81,714
81,718
81,720
81,737
81,740
81,751
81,755
81,762
81,774
81,777
81,778
81,779
81,792
81,797
81,801
81,830
81,832
81,844
81,851
81,862
81,871
81,887
81,891
81,894
81,907
81,911
81,940
81,957
81,959
81,965
81,993
81,997
82,91
82,94
82,164
82,180
82,192
82,203
82,214
82,216
82,246
82,250
82,262
82,270
82,275
82,277
82,298
82,312
82,314
82,324
82,331
82,339
82,349
82,365
82,367
82,385
82,399
82,423
82,426
82,429
82,443
82,455
82,471
82,475
82,485
82,510
82,524
82,525
82,532
82,542
82,547
82,557
82,560
82,566
82,568
82,573
82,574
82,580
82,598
82,603
82,606
82,611
82,617
82,620
82,627
82,628
82,652
82,659
82,667
82,681
82,696
82,704
82,709
82,717
82,740
82,743
82,755
82,757
82,768
82,785
82,788
82,796
82,797
82,800
82,802
82,816
82,822
82,831
82,874
82,893
82,903
82,907
82,916
82,931
82,953
82,957
82,962
82,984
82,986
82,997
83,98
83,102
83,105
83,129
83,165
83,177
83,194
83,195
83,222
83,237
83,259
83,282
83,317
83,348
83,376
83,395
83,458
83,466
83,485
83,489
83,504
83,520
83,524
83,538
83,572
83,574
83,602
83,629
83,631
83,633
83,642
83,687
83,705
83,741
83,760
83,777
83,801
83,832
83,856
83,862
83,871
83,878
83,911
83,917
83,965
83,986
84,88
84,91
84,100
84,105
84,112
84,118
84,128
84,129
84,138
84,141
84,142
84,144
84,146
84,149
84,156
84,160
84,169
84,174
84,175
84,178
84,189
84,190
84,193
84,202
84,210
84,212
84,218
84,222
84,236
84,240
84,243
84,247
84,265
84,285
84,286
84,293
84,299
84,301
84,307
84,310
84,321
84,328
84,330
84,332
84,345
84,363
84,414
84,415
84,417
84,440
84,450
84,451
84,455
84,456
84,458
84,459
84,465
84,466
84,467
84,482
84,491
84,515
84,526
84,550
84,552
84,557
84,559
84,567
84,572
84,576
84,582
84,583
84,586
84,590
84,622
84,629
84,631
84,688
84,698
84,699
84,700
84,705
84,708
84,713
84,716
84,718
84,720
84,749
84,766
84,767
84,774
84,777
84,778
84,779
84,796
84,799
84,800
84,828
84,830
84,832
84,844
84,930
84,940
84,959
84,962
84,974
84,980
84,993
85,161
85,174
85,210
85,268
85,273
85,328
85,383
85,415
85,494
85,511
85,547
85,557
85,586
85,589
85,612
85,619
85,630
85,712
85,843
85,853
85,902
86,152
86,254
86,261
86,272
86,280
86,285
86,347
86,355
86,358
86,376
86,382
86,402
86,404
86,410
86,419
86,595
86,642
86,651
86,717
86,968
87,153
87,254
87,302
87,305
87,434
87,482
87,493
87,537
87,583
87,615
87,644
87,661
87,662
87,745
87,749
87,777
87,848
87,907
87,931
87,935
87,940
87,950
87,961
88,91
88,100
88,112
88,118
88,128
88,133
88,138
88,142
88,146
88,149
88,156
88,160
88,163
88,166
88,174
88,175
88,176
88,178
88,189
88,190
88,193
88,210
88,212
88,226
88,236
88,240
88,243
88,265
88,276
88,285
88,286
88,288
88,293
88,301
88,307
88,316
88,321
88,322
88,325
88,328
88,330
88,332
88,339
88,345
88,347
88,363
88,369
88,385
88,414
88,415
88,417
88,421
88,440
88,446
88,455
88,456
88,467
88,490
88,491
88,514
88,515
88,526
88,559
88,567
88,576
88,582
88,583
88,590
88,622
88,700
88,714
88,718
88,720
88,756
88,758
88,766
88,774
88,779
88,793
88,799
88,800
88,823
88,824
88,828
88,844
88,866
88,962
88,980
88,993
89,108
89,134
89,186
89,263
89,329
89,402
89,440
89,479
89,553
89,587
89,692
89,707
89,850
89,994
90,91
90,100
90,108
90,112
90,116
90,118
90,128
90,135
90,142
90,144
90,149
90,156
90,160
90,161
90,166
90,174
90,175
90,176
90,189
90,190
90,193
90,199
90,210
90,212
90,221
90,226
90,228
90,236
90,240
90,243
90,265
90,285
90,286
90,293
90,301
90,307
90,321
90,325
90,326
90,328
90,330
90,332
90,344
90,345
90,363
90,373
90,376
90,414
90,415
90,440
90,446
90,463
90,467
90,468
90,470
90,474
90,491
90,526
90,535
90,557
90,559
90,576
90,582
90,583
90,586
90,590
90,622
90,676
90,750
90,759
90,774
90,791
90,796
90,828
90,866
90,956
90,962
90,993
91,100
91,112
91,118
91,128
91,129
91,138
91,141
91,142
91,144
91,146
91,149
91,155
91,156
91,160
91,161
91,166
91,174
91,175
91,176
91,178
91,189
91,190
91,193
91,194
91,202
91,210
91,212
91,218
91,226
91,228
91,236
91,240
91,243
91,247
91,263
91,265
91,285
91,286
91,288
91,293
91,294
91,299
91,301
91,302
91,307
91,321
91,328
91,330
91,332
91,345
91,363
91,364
91,392
91,398
91,414
91,415
91,417
91,431
91,440
91,442
91,446
91,448
91,450
91,451
91,455
91,456
91,458
91,467
91,482
91,491
91,515
91,517
91,522
91,526
91,550
91,552
91,557
91,559
91,567
91,576
91,582
91,583
91,586
91,590
91,599
91,619
91,622
91,665
91,674
91,688
91,698
91,705
91,714
91,718
91,720
91,749
91,766
91,774
91,777
91,778
91,779
91,791
91,796
91,828
91,830
91,844
91,891
91,897
91,904
91,914
91,925
91,940
91,959
91,962
91,993
92,95
92,121
92,127
92,132
92,413
92,437
92,612
92,646
92,700
92,723
92,814
92,886
92,917
92,931
92,934
93,216
93,237
93,238
93,278
93,340
93,371
93,471
93,495
93,542
93,550
93,563
93,660
93,709
93,740
93,745
93,776
93,838
93,873
93,880
93,918
93,927
93,935
93,969
93,972
94,106
94,113
94,119
94,165
94,177
94,202
94,214
94,230
94,242
94,258
94,269
94,310
94,316
94,337
94,395
94,403
94,417
94,423
94,427
94,450
94,456
94,457
94,515
94,552
94,574
94,631
94,672
94,682
94,709
94,720
94,740
94,743
94,762
94,774
94,778
94,848
94,855
94,906
94,921
94,940
94,950
94,997
95,113
95,127
95,134
95,205
95,249
95,361
95,398
95,450
95,482
95,507
95,520
95,610
95,632
95,689
95,691
96,150
96,151
96,244
96,370
96,462
96,522
96,537
96,621
96,896
96,948
97,144
97,166
97,173
97,236
97,245
97,270
97,274
97,281
97,300
97,308
97,335
97,341
97,359
97,370
97,408
97,461
97,466
97,687
97,725
97,809
97,833
98,132
98,219
98,344
98,348
98,435
98,525
98,538
98,543
98,610
98,672
98,755
98,792
98,849
98,936
98,995
99,203
99,248
99,309
99,314
99,352
99,431
99,460
99,485
99,587
99,618
99,717
99,735
99,740
99,776
99,825
99,831
99,857
99,949
99,971
99,978
99,991
100,112
100,118
100,121
100,128
100,138
100,142
100,144
100,146
100,149
100,156
100,160
100,161
100,166
100,174
100,175
100,176
100,178
100,190
100,193
100,210
100,212
100,236
100,240
100,243
100,247
100,263
100,265
100,276
100,283
100,285
100,286
100,288
100,293
100,294
100,299
100,301
100,307
100,321
100,325
100,328
100,330
100,332
100,345
100,354
100,363
100,409
100,414
100,415
100,417
100,440
100,446
100,450
100,455
100,456
100,457
100,465
100,467
100,489
100,491
100,515
100,517
100,526
100,559
100,576
100,582
100,583
100,586
100,590
100,599
100,619
100,622
100,662
100,688
100,705
100,707
100,720
100,766
100,774
100,791
100,796
100,798
100,799
100,800
100,818
100,828
100,844
100,848
100,858
100,859
100,866
100,886
100,950
100,962
100,964
100,983
100,993
101,191
101,227
101,300
101,441
101,523
101,728
101,802
101,803
101,888
101,915
101,934
101,938
102,103
102,106
102,129
102,140
102,164
102,165
102,170
102,194
102,195
102,197
102,202
102,266
102,310
102,328
102,348
102,403
102,415
102,417
102,435
102,455
102,456
102,458
102,466
102,501
102,507
102,515
102,538
102,551
102,552
102,574
102,586
102,591
102,629
102,633
102,667
102,672
102,674
102,685
102,695
102,705
102,706
102,708
102,713
102,718
102,737
102,749
102,755
102,762
102,774
102,777
102,778
102,779
102,781
102,791
102,797
102,801
102,813
102,815
102,830
102,832
102,848
102,862
102,871
102,879
102,911
102,927
102,929
102,940
102,950
102,959
102,965
102,977
103,129
103,140
103,165
103,170
103,181
103,194
103,195
103,197
103,202
103,214
103,243
103,254
103,255
103,258
103,266
103,274
103,285
103,291
103,304
103,308
103,310
103,335
103,336
103,348
103,403
103,411
103,417
103,435
103,437
103,455
103,458
103,466
103,485
103,510
103,522
103,525
103,538
103,540
103,551
103,552
103,557
103,559
103,574
103,586
103,603
103,629
103,631
103,633
103,649
103,651
103,652
103,659
103,667
103,672
103,682
103,685
103,698
103,708
103,709
103,713
103,714
103,718
103,737
103,749
103,751
103,755
103,762
103,763
103,774
103,777
103,778
103,779
103,797
103,799
103,801
103,807
103,816
103,830
103,832
103,848
103,849
103,862
103,869
103,871
103,911
103,920
103,940
103,950
103,959
103,965
103,998
104,191
104,209
104,253
104,256
104,295
104,381
104,394
104,405
104,453
104,462
104,499
104,546
104,585
104,631
104,649
104,657
104,722
104,782
104,790
104,809
104,836
104,856
104,909
104,911
104,927
104,964
105,116
105,129
105,246
105,262
105,267
105,282
105,312
105,415
105,464
105,466
105,485
105,510
105,558
105,560
105,606
105,723
105,969
105,974
106,140
106,170
106,174
106,195
106,197
106,198
106,202
106,242
106,259
106,263
106,277
106,291
106,308
106,312
106,317
106,328
106,336
106,348
106,355
106,359
106,361
106,369
106,403
106,435
106,451
106,466
106,480
106,490
106,499
106,529
106,538
106,551
106,569
106,629
106,633
106,649
106,667
106,685
106,705
106,713
106,714
106,720
106,725
106,726
106,737
106,751
106,755
106,766
106,801
106,826
106,844
106,862
106,871
106,876
106,911
106,965
106,997
107,150
107,196
107,389
107,499
107,582
107,683
107,778
107,800
107,881
108,128
108,134
108,147
108,223
108,315
108,347
108,371
108,392
108,470
108,482
108,553
108,575
108,703
108,825
108,870
108,942
108,945
109,289
109,331
109,434
109,457
109,675
109,710
109,725
109,802
109,815
109,826
109,840
109,897
109,913
110,157
110,173
110,213
110,325
110,385
110,390
110,526
110,600
110,641
110,652
110,699
110,708
110,723
111,238
111,290
111,333
111,420
111,450
111,486
111,499
111,613
111,683
111,715
111,758
111,810
111,852
111,929
111,990
112,114
112,118
112,128
112,138
112,142
112,144
112,146
112,149
112,156
112,159
112,160
112,161
112,166
112,174
112,175
112,176
112,178
112,186
112,189
112,190
112,193
112,210
112,212
112,222
112,226
112,236
112,239
112,240
112,243
112,265
112,283
112,285
112,286
112,288
112,291
112,293
112,299
112,301
112,307
112,321
112,325
112,328
112,330
112,332
112,345
112,350
112,358
112,363
112,414
112,415
112,417
112,440
112,446
112,449
112,450
112,451
112,455
112,456
112,458
112,465
112,467
112,490
112,491
112,497
112,514
112,515
112,526
112,552
112,557
112,559
112,567
112,576
112,577
112,582
112,583
112,586
112,588
112,590
112,599
112,619
112,622
112,631
112,632
112,668
112,688
112,698
112,705
112,708
112,714
112,716
112,718
112,720
112,749
112,750
112,766
112,774
112,779
112,791
112,795
112,796
112,799
112,800
112,811
112,824
112,828
112,830
112,844
112,854
112,861
112,940
112,959
112,962
112,980
112,993
113,115
113,139
113,213
113,217
113,226
113,257
113,261
113,283
113,307
113,368
113,381
113,387
113,410
113,419
113,489
113,572
113,615
113,618
113,665
113,672
113,698
113,712
113,718
113,762
113,799
113,810
113,819
113,831
113,848
113,899
113,926
113,950
113,951
113,960
113,990
114,120
114,183
114,283
114,292
114,309
114,401
114,420
114,442
114,476
114,521
114,668
114,728
114,732
114,799
114,839
114,850
114,868
114,891
114,958
115,129
115,141
115,147
115,152
115,165
115,181
115,188
115,194
115,196
115,197
115,203
115,213
115,222
115,239
115,248
115,274
115,280
115,299
115,315
115,368
115,373
115,403
115,455
115,458
115,489
115,490
115,522
115,552
115,556
115,557
115,597
115,615
115,631
115,641
115,654
115,656
115,662
115,672
115,708
115,713
115,716
115,718
115,722
115,738
115,753
115,761
115,762
115,768
115,777
115,778
115,787
115,796
115,797
115,832
115,838
115,841
115,848
115,870
115,871
115,912
115,940
115,950
115,960
115,963
115,980
115,982
115,999
116,146
116,181
116,242
116,274
116,312
116,335
116,337
116,348
116,412
116,445
116,548
116,553
116,588
116,622
116,655
116,774
116,844
116,887
116,919
116,926
116,985
117,185
117,187
117,203
117,234
117,245
117,255
117,372
117,391
117,442
117,511
117,523
117,584
117,646
117,730
117,805
117,817
117,850
117,894
117,978
118,128
118,138
118,141
118,142
118,144
118,146
118,149
118,152
118,155
118,156
118,160
118,161
118,162
118,166
118,174
118,175
118,176
118,178
118,186
118,189
118,190
118,193
118,210
118,212
118,218
118,223
118,226
118,228
118,236
118,239
118,240
118,243
118,247
118,263
118,265
118,276
118,285
118,286
118,288
118,293
118,294
118,299
118,300
118,301
118,307
118,308
118,321
118,325
118,328
118,330
118,332
118,345
118,350
118,355
118,363
118,398
118,414
118,415
118,417
118,440
118,446
118,449
118,450
118,451
118,455
118,456
118,465
118,467
118,483
118,490
118,491
118,515
118,517
118,526
118,548
118,550
118,552
118,557
118,559
118,567
118,576
118,582
118,583
118,586
118,590
118,599
118,613
118,619
118,620
118,622
118,644
118,662
118,688
118,692
118,698
118,700
118,705
118,714
118,718
118,720
118,750
118,766
118,774
118,779
118,791
118,796
118,799
118,800
118,813
118,828
118,844
118,891
118,897
118,913
118,954
118,962
118,980
118,993
119,153
119,198
119,202
119,220
119,242
119,331
119,399
119,419
119,427
119,439
119,450
119,557
119,559
119,586
119,598
119,627
119,633
119,698
119,714
119,718
119,737
119,815
119,918
120,179
120,258
120,404
120,420
120,427
120,470
120,509
120,593
120,627
120,798
120,839
120,864
120,872
121,156
121,160
121,178
121,203
121,208
121,210
121,236
121,244
121,285
121,286
121,301
121,308
121,345
121,369
121,491
121,515
121,524
121,590
121,601
121,628
121,634
121,725
121,757
121,800
121,829
121,852
121,993
122,227
122,285
122,344
122,471
122,660
122,686
122,692
122,906
123,126
123,177
123,196
123,267
123,297
123,340
123,430
123,695
123,881
123,918
123,928
123,991
124,158
124,164
124,217
124,277
124,399
124,423
124,429
124,471
124,479
124,485
124,546
124,560
124,568
124,580
124,603
124,606
124,617
124,636
124,670
124,674
124,690
124,696
124,709
124,722
124,740
124,743
124,757
124,822
124,907
124,946
124,957
124,997
125,340
125,393
125,440
125,455
125,493
125,552
125,583
125,589
125,688
125,765
125,820
125,830
125,938
125,940
125,950
126,171
126,209
126,244
126,269
126,406
126,474
126,531
126,626
126,813
127,167
127,182
127,200
127,240
127,271
127,290
127,367
127,400
127,404
127,606
127,669
127,774
127,936
127,987
128,130
128,138
128,142
128,144
128,146
128,149
128,155
128,156
128,160
128,161
128,162
128,166
128,174
128,175
128,176
128,178
128,189
128,190
128,193
128,194
128,210
128,212
128,215
128,226
128,236
128,240
128,243
128,247
128,263
128,265
128,285
128,286
128,288
128,293
128,299
128,300
128,301
128,304
128,307
128,308
128,315
128,321
128,325
128,328
128,330
128,332
128,345
128,355
128,363
128,414
128,415
128,417
128,440
128,446
128,449
128,451
128,452
128,455
128,456
128,465
128,467
128,468
128,470
128,475
128,484
128,490
128,491
128,515
128,517
128,525
128,559
128,576
128,582
128,583
128,590
128,599
128,609
128,622
128,688
128,710
128,720
128,735
128,744
128,760
128,766
128,774
128,777
128,791
128,796
128,799
128,800
128,821
128,824
128,828
128,844
128,848
128,941
128,944
128,945
128,962
128,968
128,986
128,987
128,993
129,140
129,141
129,164
129,165
129,170
129,188
129,194
129,195
129,197
129,202
129,210
129,213
129,227
129,250
129,258
129,259
129,266
129,277
129,291
129,299
129,304
129,317
129,328
129,336
129,348
129,371
129,399
129,403
129,415
129,417
129,427
129,435
129,440
129,450
129,451
129,455
129,456
129,457
129,458
129,466
129,491
129,493
129,515
129,516
129,520
129,525
129,529
129,538
129,542
129,551
129,552
129,557
129,559
129,574
129,586
129,590
129,606
129,610
129,629
129,633
129,667
129,668
129,672
129,682
129,685
129,688
129,695
129,705
129,708
129,713
129,714
129,718
129,737
129,749
129,751
129,755
129,757
129,762
129,772
129,774
129,777
129,778
129,779
129,796
129,797
129,801
129,811
129,830
129,832
129,844
129,848
129,862
129,871
129,885
129,887
129,911
129,925
129,940
129,950
129,959
129,962
129,965
129,974
129,997
130,142
130,156
130,160
130,180
130,215
130,236
130,245
130,246
130,275
130,305
130,399
130,420
130,471
130,476
130,524
130,547
130,568
130,590
130,601
130,602
130,611
130,696
130,712
130,740
130,785
130,828
130,870
130,913
130,997
131,219
131,222
131,368
131,370
131,373
131,482
131,615
131,624
131,641
131,652
131,654
131,662
131,723
131,738
131,761
131,768
131,821
131,841
131,924
132,186
132,223
132,324
132,360
132,415
132,430
132,448
132,571
132,580
132,609
132,688
132,699
132,752
132,886
132,919
133,151
133,158
133,229
133,373
133,471
133,505
133,529
133,540
133,793
133,800
133,822
133,903
133,947
134,163
134,176
134,208
134,229
134,270
134,294
134,297
134,554
134,712
134,883
134,894
134,956
134,979
134,984
135,156
135,166
135,236
135,253
135,292
135,357
135,490
135,558
135,729
135,738
135,813
135,836
136,397
136,431
136,437
136,465
136,524
136,566
136,568
136,646
136,677
136,731
136,786
136,849
136,899
137,252
137,306
137,410
137,476
137,497
137,598
137,664
137,702
137,723
137,747
137,767
137,771
137,804
137,836
137,854
137,856
137,877
138,141
138,142
138,144
138,146
138,148
138,149
138,152
138,155
138,156
138,160
138,161
138,166
138,174
138,175
138,178
138,186
138,189
138,190
138,193
138,210
138,212
138,218
138,226
138,236
138,240
138,243
138,247
138,263
138,265
138,285
138,286
138,288
138,293
138,299
138,300
138,301
138,307
138,321
138,325
138,328
138,330
138,332
138,345
138,347
138,355
138,363
138,375
138,397
138,414
138,415
138,417
138,440
138,446
138,449
138,450
138,451
138,455
138,465
138,467
138,487
138,490
138,491
138,515
138,526
138,532
138,552
138,556
138,557
138,559
138,567
138,576
138,582
138,583
138,586
138,590
138,599
138,619
138,622
138,662
138,672
138,688
138,698
138,718
138,720
138,749
138,750
138,758
138,766
138,774
138,777
138,779
138,781
138,796
138,799
138,800
138,828
138,830
138,844
138,878
138,897
138,919
138,940
138,943
138,962
138,979
138,980
138,993
139,148
139,166
139,179
139,190
139,231
139,260
139,288
139,299
139,317
139,359
139,369
139,420
139,465
139,684
139,705
139,745
139,858
139,895
139,910
139,961
139,976
140,141
140,164
140,165
140,167
140,170
140,191
140,192
140,194
140,195
140,197
140,202
140,209
140,216
140,239
140,242
140,250
140,258
140,259
140,266
140,277
140,291
140,304
140,308
140,317
140,328
140,331
140,336
140,348
140,399
140,403
140,412
140,415
140,426
140,427
140,435
140,450
140,451
140,455
140,458
140,466
140,488
140,522
140,525
140,529
140,538
140,542
140,548
140,551
140,552
140,557
140,559
140,574
140,580
140,586
140,603
140,606
140,610
140,628
140,629
140,631
140,633
140,655
140,667
140,672
140,675
140,685
140,692
140,705
140,708
140,713
140,714
140,718
140,725
140,737
140,751
140,755
140,757
140,762
140,777
140,778
140,779
140,788
140,797
140,801
140,830
140,832
140,844
140,851
140,862
140,871
140,887
140,895
140,904
140,911
140,924
140,940
140,959
140,965
140,973
140,995
140,997
141,146
141,149
141,160
141,165
141,174
141,175
141,178
141,193
141,194
141,197
141,202
141,210
141,236
141,239
141,240
141,266
141,286
141,291
141,293
141,299
141,307
141,321
141,328
141,330
141,332
141,345
141,351
141,363
141,389
141,400
141,403
141,408
141,415
141,417
141,440
141,445
141,450
141,451
141,455
141,456
141,457
141,458
141,465
141,467
141,491
141,515
141,532
141,552
141,557
141,559
141,572
141,574
141,582
141,583
141,586
141,590
141,619
141,622
141,632
141,633
141,654
141,659
141,666
141,667
141,672
141,685
141,688
141,698
141,705
141,708
141,713
141,718
141,720
141,731
141,732
141,745
141,749
141,762
141,767
141,774
141,777
141,779
141,783
141,796
141,797
141,801
141,828
141,830
141,832
141,844
141,848
141,871
141,881
141,892
141,904
141,940
141,950
141,960
141,962
141,965
142,144
142,146
142,149
142,153
142,155
142,156
142,160
142,161
142,162
142,166
142,174
142,175
142,176
142,178
142,189
142,190
142,193
142,210
142,212
142,215
142,226
142,236
142,240
142,243
142,247
142,256
142,261
142,263
142,265
142,276
142,285
142,286
142,288
142,293
142,301
142,307
142,308
142,312
142,321
142,322
142,325
142,328
142,330
142,332
142,339
142,345
142,347
142,355
142,363
142,414
142,415
142,417
142,440
142,446
142,448
142,449
142,455
142,456
142,463
142,467
142,482
142,486
142,490
142,491
142,515
142,517
142,526
142,542
142,550
142,552
142,559
142,567
142,576
142,582
142,583
142,590
142,599
142,619
142,622
142,688
142,700
142,714
142,718
142,720
142,734
142,759
142,766
142,774
142,791
142,796
142,799
142,800
142,819
142,824
142,828
142,844
142,854
142,886
142,890
142,914
142,962
142,980
142,984
142,987
142,993
143,173
143,188
143,215
143,216
143,226
143,291
143,324
143,459
143,471
143,487
143,501
143,510
143,531
143,536
143,543
143,547
143,568
143,603
143,617
143,675
143,816
143,847
143,905
143,931
143,986
144,146
144,149
144,155
144,156
144,160
144,161
144,166
144,174
144,175
144,178
144,189
144,190
144,193
144,202
144,210
144,212
144,226
144,236
144,240
144,243
144,247
144,265
144,285
144,286
144,288
144,293
144,300
144,301
144,307
144,321
144,328
144,330
144,332
144,345
144,356
144,363
144,373
144,384
144,414
144,415
144,417
144,446
144,455
144,467
144,474
144,491
144,513
144,515
144,526
144,557
144,559
144,576
144,582
144,583
144,590
144,599
144,604
144,622
144,650
144,688
144,698
144,720
144,734
144,766
144,774
144,791
144,796
144,800
144,821
144,824
144,828
144,844
144,854
144,919
144,962
144,977
144,993
145,238
145,290
145,425
145,498
145,624
145,734
145,747
145,798
145,837
145,855
145,873
145,967
145,977
145,983
146,149
146,156
146,160
146,163
146,166
146,167
146,168
146,174
146,175
146,176
146,178
146,190
146,193
146,197
146,202
146,210
146,212
146,218
146,236
146,240
146,242
146,243
146,247
146,263
146,265
146,276
146,285
146,286
146,293
146,294
146,299
146,300
146,301
146,307
146,321
146,328
146,330
146,332
146,335
146,345
146,363
146,391
146,398
146,412
146,415
146,417
146,450
146,451
146,455
146,465
146,467
146,491
146,515
146,526
146,528
146,539
146,548
146,552
146,556
146,557
146,559
146,571
146,576
146,582
146,583
146,586
146,587
146,590
146,599
146,622
146,632
146,633
146,655
146,685
146,688
146,691
146,698
146,705
146,714
146,718
146,720
146,727
146,753
146,766
146,774
146,777
146,779
146,796
146,800
146,817
146,824
146,828
146,830
146,844
146,864
146,873
146,887
146,891
146,905
146,940
146,962
146,993
147,150
147,213
147,230
147,257
147,258
147,310
147,427
147,515
147,525
147,537
147,596
147,631
147,674
147,676
147,729
147,777
147,778
147,813
147,848
147,906
147,942
147,950
147,995
148,165
148,194
148,196
148,273
148,291
148,299
148,309
148,340
148,394
148,449
148,457
148,458
148,493
148,500
148,522
148,529
148,672
148,708
148,745
148,762
148,778
148,792
148,803
148,821
148,832
148,891
148,915
148,917
148,929
148,944
148,959
149,155
149,156
149,160
149,161
149,162
149,166
149,174
149,175
149,176
149,178
149,186
149,189
149,190
149,193
149,208
149,210
149,212
149,215
149,226
149,236
149,240
149,241
149,243
149,247
149,263
149,265
149,276
149,285
149,286
149,288
149,293
149,299
149,300
149,301
149,307
149,308
149,317
149,321
149,325
149,328
149,330
149,332
149,337
149,345
149,355
149,358
149,363
149,369
149,414
149,415
149,417
149,440
149,446
149,449
149,450
149,451
149,455
149,456
149,465
149,467
149,482
149,483
149,490
149,491
149,497
149,515
149,517
149,526
149,548
149,550
149,552
149,557
149,559
149,567
149,576
149,582
149,583
149,586
149,590
149,599
149,619
149,622
149,645
149,655
149,662
149,688
149,698
149,700
149,705
149,714
149,718
149,720
149,750
149,754
149,758
149,766
149,774
149,779
149,791
149,796
149,799
149,800
149,824
149,828
149,844
149,854
149,876
149,886
149,891
149,897
149,962
149,968
149,980
149,982
149,993
150,151
150,310
150,384
150,410
150,518
150,537
150,566
150,567
150,593
150,598
150,626
150,672
150,772
150,773
150,796
150,894
150,908
150,925
150,952
151,168
151,244
151,537
151,605
151,611
151,777
151,830
151,858
152,236
152,239
152,246
152,280
152,296
152,299
152,322
152,328
152,341
152,368
152,391
152,415
152,417
152,456
152,457
152,458
152,465
152,467
152,473
152,489
152,490
152,491
152,502
152,517
152,539
152,557
152,562
152,576
152,590
152,594
152,596
152,597
152,601
152,612
152,613
152,615
152,641
152,644
152,650
152,654
152,656
152,662
152,672
152,691
152,692
152,695
152,698
152,700
152,708
152,718
152,738
152,753
152,761
152,768
152,770
152,859
152,897
152,913
152,944
152,960
152,963
152,982
153,161
153,197
153,202
153,212
153,238
153,261
153,308
153,340
153,357
153,400
153,403
153,406
153,636
153,645
153,797
153,809
153,848
153,886
153,895
153,950
154,297
154,327
154,345
154,359
154,395
154,665
154,695
154,708
154,732
154,797
154,884
154,967
154,983
155,156
155,160
155,162
155,166
155,176
155,186
155,193
155,210
155,212
155,215
155,236
155,240
155,243
155,285
155,286
155,293
155,295
155,301
155,307
155,308
155,321
155,330
155,332
155,355
155,376
155,412
155,446
155,467
155,482
155,491
155,515
155,527
155,548
155,552
155,559
155,576
155,582
155,583
155,590
155,597
155,599
155,622
155,655
155,682
155,688
155,717
155,718
155,739
155,747
155,748
155,749
155,751
155,773
155,796
155,800
155,803
155,805
155,828
155,863
155,864
155,887
155,904
155,962
155,968
155,993
156,160
156,161
156,162
156,166
156,174
156,175
156,176
156,178
156,187
156,189
156,190
156,193
156,194
156,202
156,210
156,212
156,215
156,226
156,236
156,240
156,243
156,247
156,263
156,265
156,266
156,276
156,285
156,286
156,288
156,293
156,299
156,300
156,301
156,307
156,308
156,310
156,321
156,325
156,328
156,330
156,332
156,345
156,355
156,363
156,403
156,414
156,415
156,417
156,440
156,446
156,449
156,455
156,456
156,465
156,467
156,468
156,482
156,483
156,484
156,491
156,515
156,517
156,526
156,548
156,550
156,552
156,557
156,559
156,567
156,576
156,582
156,583
156,590
156,599
156,619
156,622
156,682
156,688
156,718
156,720
156,750
156,760
156,766
156,774
156,779
156,791
156,796
156,799
156,800
156,813
156,824
156,828
156,844
156,848
156,876
156,897
156,941
156,962
156,968
156,980
156,993
157,188
157,282
157,302
157,408
157,529
157,614
157,644
157,647
157,662
157,730
157,781
157,908
158,198
158,223
158,253
158,610
158,636
158,652
158,666
158,695
159,203
159,332
159,369
159,398
159,413
159,468
159,477
159,583
159,597
159,637
159,724
159,921
159,924
159,925
159,941
159,994
160,161
160,166
160,174
160,175
160,176
160,178
160,190
160,193
160,208
160,210
160,212
160,215
160,226
160,236
160,240
160,243
160,247
160,263
160,265
160,285
160,286
160,288
160,293
160,294
160,299
160,300
160,301
160,305
160,307
160,315
160,321
160,322
160,325
160,328
160,330
160,332
160,345
160,363
160,369
160,414
160,415
160,417
160,440
160,445
160,446
160,449
160,450
160,452
160,455
160,456
160,465
160,467
160,482
160,490
160,491
160,497
160,513
160,515
160,517
160,526
160,548
160,552
160,553
160,557
160,559
160,567
160,569
160,576
160,582
160,583
160,586
160,588
160,590
160,599
160,622
160,643
160,653
160,688
160,698
160,718
160,720
160,766
160,774
160,779
160,796
160,799
160,800
160,828
160,844
160,962
160,982
160,990
160,993
161,166
161,172
161,175
161,176
161,178
161,190
161,193
161,198
161,210
161,212
161,222
161,226
161,236
161,240
161,243
161,263
161,265
161,273
161,280
161,283
161,285
161,286
161,288
161,293
161,301
161,307
161,316
161,321
161,328
161,330
161,332
161,345
161,363
161,414
161,417
161,440
161,449
161,455
161,456
161,463
161,467
161,491
161,526
161,535
161,536
161,550
161,559
161,576
161,582
161,583
161,586
161,588
161,590
161,599
161,619
161,622
161,662
161,720
161,741
161,750
161,752
161,758
161,760
161,766
161,774
161,783
161,791
161,800
161,809
161,824
161,828
161,844
161,861
161,877
161,886
161,908
161,962
161,963
161,974
161,993
162,166
162,190
162,193
162,210
162,212
162,215
162,220
162,236
162,240
162,243
162,265
162,285
162,286
162,293
162,301
162,307
162,308
162,321
162,330
162,345
162,355
162,363
162,371
162,399
162,412
162,424
162,446
162,455
162,460
162,467
162,482
162,483
162,484
162,491
162,527
162,542
162,548
162,552
162,582
162,590
162,599
162,622
162,655
162,665
162,717
162,751
162,800
162,828
162,863
162,864
162,871
162,887
162,962
162,968
162,993
163,170
163,379
163,473
163,493
163,506
163,532
163,533
163,684
163,731
163,836
163,845
163,887
163,897
164,165
164,167
164,170
164,180
164,192
164,194
164,195
164,197
164,199
164,214
164,216
164,235
164,246
164,250
164,258
164,270
164,275
164,277
164,298
164,314
164,322
164,324
164,331
164,336
164,339
164,348
164,349
164,365
164,367
164,385
164,391
164,399
164,403
164,404
164,415
164,423
164,426
164,429
164,435
164,440
164,451
164,455
164,456
164,458
164,466
164,471
164,478
164,485
164,495
164,510
164,520
164,524
164,525
164,529
164,531
164,532
164,538
164,539
164,542
164,547
164,551
164,552
164,557
164,560
164,566
164,568
164,573
164,580
164,594
164,603
164,606
164,608
164,611
164,615
164,617
164,627
164,628
164,629
164,633
164,648
164,656
164,659
164,667
164,672
164,681
164,685
164,696
164,698
164,705
164,708
164,709
164,713
164,718
164,727
164,737
164,740
164,743
164,749
164,751
164,753
164,755
164,757
164,762
164,777
164,778
164,785
164,788
164,792
164,797
164,800
164,801
164,814
164,816
164,822
164,830
164,831
164,832
164,844
164,848
164,858
164,862
164,871
164,874
164,884
164,891
164,893
164,903
164,907
164,911
164,914
164,931
164,940
164,944
164,950
164,957
164,959
164,965
164,970
164,986
164,997
165,170
165,177
165,186
165,187
165,191
165,194
165,195
165,197
165,202
165,210
165,213
165,239
165,242
165,258
165,259
165,266
165,287
165,291
165,294
165,299
165,304
165,310
165,317
165,328
165,335
165,336
165,348
165,366
165,395
165,403
165,415
165,417
165,427
165,435
165,437
165,450
165,451
165,455
165,457
165,458
165,466
165,472
165,488
165,493
165,515
165,522
165,525
165,529
165,538
165,551
165,552
165,557
165,559
165,564
165,574
165,584
165,586
165,606
165,610
165,622
165,629
165,631
165,632
165,633
165,648
165,650
165,667
165,668
165,669
165,672
165,675
165,682
165,685
165,688
165,705
165,708
165,713
165,714
165,718
165,737
165,744
165,749
165,751
165,755
165,762
165,774
165,777
165,778
165,779
165,796
165,797
165,801
165,803
165,830
165,832
165,844
165,848
165,858
165,862
165,871
165,879
165,882
165,891
165,911
165,940
165,949
165,950
165,959
165,965
166,174
166,175
166,176
166,178
166,186
166,187
166,190
166,193
166,210
166,212
166,215
166,226
166,236
166,240
166,243
166,263
166,265
166,266
166,285
166,286
166,288
166,293
166,294
166,301
166,307
166,319
166,321
166,325
166,328
166,330
166,332
166,345
166,355
166,363
166,414
166,415
166,417
166,427
166,440
166,446
166,449
166,455
166,466
166,467
166,468
166,482
166,484
166,491
166,513
166,515
166,519
166,536
166,553
166,556
166,559
166,567
166,576
166,582
166,583
166,590
166,599
166,619
166,622
166,686
166,688
166,692
166,700
166,713
166,720
166,740
166,774
166,777
166,791
166,796
166,799
166,800
166,828
166,844
166,858
166,861
166,903
166,940
166,962
166,968
166,993
167,277
167,317
167,324
167,373
167,399
167,454
167,460
167,485
167,495
167,538
167,548
167,551
167,560
167,573
167,580
167,606
167,621
167,633
167,655
167,667
167,685
167,737
167,740
167,745
167,751
167,755
167,887
167,905
167,924
167,931
167,957
167,963
168,178
168,185
168,208
168,214
168,215
168,216
168,218
168,242
168,270
168,271
168,275
168,283
168,285
168,294
168,299
168,335
168,339
168,362
168,381
168,385
168,412
168,450
168,468
168,471
168,488
168,518
168,526
168,548
168,571
168,583
168,605
168,610
168,655
168,673
168,684
168,695
168,698
168,714
168,720
168,743
168,774
168,793
168,844
168,864
168,887
168,891
168,991
169,205
169,264
169,427
169,500
169,513
169,556
169,624
169,627
169,663
169,666
169,683
169,698
169,779
169,823
169,833
169,968
170,194
170,195
170,197
170,202
170,216
170,250
170,258
170,259
170,266
170,277
170,287
170,291
170,304
170,308
170,312
170,317
170,336
170,348
170,403
170,427
170,435
170,450
170,451
170,455
170,458
170,466
170,488
170,525
170,529
170,538
170,550
170,551
170,552
170,557
170,574
170,586
170,597
170,606
170,610
170,615
170,628
170,629
170,631
170,633
170,655
170,667
170,672
170,675
170,685
170,705
170,708
170,713
170,714
170,718
170,737
170,749
170,751
170,755
170,761
170,762
170,777
170,778
170,779
170,797
170,801
170,830
170,832
170,848
170,862
170,866
170,871
170,885
170,887
170,911
170,940
170,959
170,965
171,312
171,314
171,334
171,366
171,483
171,499
171,507
171,575
171,625
171,630
171,731
171,764
171,768
171,787
171,828
171,884
171,908
171,914
171,919
171,949
171,956
172,175
172,188
172,301
172,370
172,372
172,442
172,474
172,526
172,619
172,675
172,750
172,756
172,793
172,817
172,828
172,842
172,906
172,962
173,186
173,190
173,193
173,217
173,230
173,235
173,278
173,335
173,343
173,370
173,400
173,404
173,431
173,501
173,545
173,566
173,601
173,639
173,641
173,695
173,706
173,745
173,776
173,819
173,822
173,876
173,942
173,943
173,968
174,175
174,176
174,178
174,186
174,189
174,190
174,193
174,202
174,210
174,212
174,218
174,226
174,236
174,240
174,243
174,247
174,265
174,285
174,286
174,288
174,293
174,294
174,301
174,302
174,307
174,321
174,328
174,330
174,332
174,334
174,345
174,363
174,369
174,414
174,415
174,417
174,440
174,446
174,448
174,450
174,451
174,455
174,456
174,457
174,467
174,482
174,491
174,497
174,515
174,526
174,552
174,557
174,559
174,567
174,576
174,582
174,583
174,586
174,588
174,590
174,599
174,619
174,622
174,676
174,688
174,698
174,705
174,714
174,718
174,720
174,749
174,750
174,766
174,774
174,777
174,779
174,796
174,800
174,825
174,828
174,830
174,843
174,844
174,897
174,940
174,959
174,962
174,980
174,993
175,176
175,178
175,184
175,188
175,189
175,190
175,193
175,210
175,212
175,226
175,228
175,236
175,240
175,243
175,247
175,265
175,276
175,285
175,286
175,288
175,290
175,293
175,294
175,300
175,301
175,307
175,317
175,321
175,328
175,330
175,332
175,345
175,358
175,363
175,376
175,414
175,415
175,417
175,446
175,449
175,455
175,456
175,467
175,484
175,491
175,497
175,515
175,526
175,552
175,557
175,559
175,576
175,582
175,583
175,586
175,590
175,622
175,638
175,673
175,680
175,688
175,698
175,705
175,718
175,720
175,746
175,766
175,774
175,779
175,788
175,796
175,799
175,800
175,828
175,830
175,844
175,850
175,884
175,886
175,940
175,962
175,990
175,993
176,178
176,190
176,193
176,207
176,210
176,212
176,215
176,226
176,236
176,240
176,243
176,247
176,265
176,268
176,285
176,286
176,288
176,293
176,301
176,307
176,321
176,323
176,325
176,328
176,330
176,332
176,345
176,354
176,358
176,363
176,386
176,414
176,415
176,417
176,440
176,446
176,449
176,456
176,467
176,468
176,482
176,491
176,553
176,559
176,582
176,583
176,590
176,599
176,622
176,660
176,720
176,758
176,774
176,793
176,799
176,800
176,824
176,828
176,860
176,962
176,980
176,984
176,987
176,993
177,178
177,197
177,201
177,202
177,242
177,250
177,266
177,277
177,291
177,294
177,298
177,299
177,307
177,346
177,387
177,395
177,403
177,427
177,433
177,450
177,455
177,456
177,458
177,467
177,488
177,506
177,522
177,526
177,529
177,548
177,557
177,559
177,574
177,586
177,619
177,672
177,688
177,714
177,718
177,720
177,723
177,749
177,757
177,762
177,766
177,777
177,778
177,779
177,796
177,797
177,805
177,807
177,830
177,832
177,837
177,839
177,842
177,844
177,848
177,871
177,877
177,882
177,904
177,940
177,950
178,189
178,190
178,192
178,193
178,210
178,212
178,226
178,236
178,240
178,242
178,243
178,247
178,263
178,265
178,276
178,283
178,285
178,286
178,288
178,293
178,294
178,299
178,300
178,301
178,307
178,321
178,322
178,325
178,328
178,330
178,332
178,345
178,358
178,363
178,369
178,414
178,415
178,417
178,440
178,446
178,449
178,450
178,451
178,452
178,455
178,456
178,467
178,482
178,491
178,497
178,515
178,517
178,552
178,557
178,559
178,567
178,576
178,582
178,583
178,586
178,588
178,590
178,599
178,619
178,622
178,629
178,665
178,688
178,698
178,705
178,714
178,718
178,720
178,749
178,758
178,766
178,773
178,774
178,779
178,780
178,796
178,799
178,800
178,828
178,830
178,844
178,891
178,892
178,918
178,940
178,943
178,962
178,980
178,989
178,993
179,255
179,291
179,389
179,420
179,447
179,515
179,519
179,588
179,700
179,798
179,838
179,868
179,875
179,895
179,899
180,182
180,192
180,199
180,214
180,216
180,235
180,246
180,250
180,262
180,277
180,298
180,314
180,324
180,331
180,339
180,365
180,374
180,399
180,411
180,423
180,426
180,429
180,455
180,471
180,475
180,485
180,490
180,507
180,510
180,524
180,526
180,532
180,542
180,547
180,560
180,566
180,567
180,568
180,573
180,574
180,580
180,586
180,598
180,603
180,604
180,606
180,608
180,611
180,617
180,620
180,625
180,627
180,628
180,636
180,652
180,659
180,681
180,696
180,700
180,704
180,709
180,740
180,743
180,749
180,756
180,757
180,774
180,785
180,788
180,802
180,816
180,822
180,823
180,826
180,830
180,831
180,840
180,845
180,851
180,866
180,874
180,903
180,907
180,957
180,997
181,199
181,227
181,274
181,315
181,421
181,528
181,579
181,656
181,674
181,684
181,701
181,761
181,847
181,931
181,984
182,262
182,265
182,389
182,545
182,579
182,673
182,681
182,719
182,781
183,354
183,379
183,418
183,440
183,443
183,481
183,482
183,484
183,555
183,654
183,800
183,943
183,949
183,964
184,251
184,271
184,284
184,351
184,444
184,679
184,820
184,836
184,870
184,907
185,187
185,260
185,316
185,412
185,432
185,478
185,484
185,513
185,548
185,584
185,655
185,700
185,887
185,895
185,991
186,193
186,194
186,202
186,203
186,210
186,215
186,223
186,226
186,236
186,239
186,242
186,259
186,263
186,291
186,299
186,300
186,301
186,307
186,308
186,317
186,321
186,328
186,330
186,336
186,345
186,384
186,415
186,417
186,435
186,450
186,451
186,455
186,457
186,458
186,467
186,491
186,502
186,515
186,519
186,531
186,542
186,549
186,552
186,559
186,574
186,582
186,586
186,587
186,590
186,622
186,633
186,663
186,665
186,667
186,672
186,682
186,685
186,705
186,718
186,748
186,751
186,758
186,762
186,777
186,778
186,788
186,796
186,798
186,800
186,801
186,817
186,824
186,830
186,832
186,844
186,848
186,871
186,882
186,911
186,940
186,945
186,993
187,260
187,266
187,287
187,351
187,518
187,525
187,536
187,547
187,682
187,707
187,777
187,832
187,997
188,197
188,213
188,395
188,466
188,521
188,528
188,540
188,569
188,659
188,713
188,722
188,788
188,797
188,802
188,818
188,848
188,879
188,950
189,190
189,193
189,210
189,212
189,218
189,226
189,236
189,240
189,243
189,265
189,285
189,286
189,288
189,293
189,301
189,307
189,321
189,328
189,330
189,332
189,345
189,363
189,414
189,415
189,444
189,455
189,467
189,491
189,497
189,515
189,552
189,559
189,567
189,576
189,582
189,583
189,590
189,622
189,659
189,665
189,688
189,698
189,700
189,766
189,774
189,791
189,800
189,824
189,828
189,868
189,956
189,962
189,980
189,993
190,193
190,210
190,212
190,218
190,226
190,228
190,236
190,240
190,243
190,247
190,263
190,265
190,276
190,283
190,285
190,286
190,288
190,293
190,294
190,299
190,300
190,301
190,307
190,321
190,325
190,327
190,328
190,330
190,332
190,345
190,355
190,363
190,369
190,393
190,414
190,415
190,417
190,440
190,446
190,449
190,455
190,456
190,463
190,465
190,467
190,484
190,490
190,491
190,497
190,515
190,517
190,526
190,527
190,552
190,557
190,559
190,569
190,576
190,582
190,583
190,586
190,590
190,619
190,622
190,688
190,705
190,710
190,718
190,720
190,728
190,750
190,774
190,779
190,791
190,796
190,799
190,800
190,828
190,844
190,850
190,859
190,876
190,886
190,962
190,968
190,987
190,993
191,194
191,258
191,263
191,287
191,317
191,366
191,370
191,406
191,416
191,447
191,458
191,493
191,513
191,529
191,555
191,574
191,587
191,631
191,672
191,762
191,778
191,788
191,803
191,832
191,851
191,938
191,949
191,959
192,194
192,198
192,199
192,214
192,216
192,246
192,250
192,275
192,277
192,298
192,300
192,314
192,324
192,331
192,336
192,339
192,348
192,365
192,367
192,399
192,423
192,426
192,429
192,449
192,467
192,471
192,475
192,485
192,486
192,510
192,541
192,542
192,547
192,557
192,560
192,566
192,567
192,568
192,573
192,574
192,580
192,582
192,586
192,603
192,606
192,617
192,620
192,628
192,629
192,667
192,685
192,696
192,709
192,740
192,743
192,755
192,757
192,788
192,816
192,822
192,862
192,900
192,903
192,907
192,965
192,992
192,997
193,202
193,210
193,212
193,221
193,226
193,236
193,240
193,242
193,243
193,247
193,265
193,273
193,285
193,286
193,288
193,291
193,293
193,300
193,301
193,307
193,321
193,328
193,330
193,332
193,345
193,363
193,414
193,415
193,417
193,434
193,440
193,446
193,450
193,451
193,453
193,455
193,456
193,465
193,467
193,486
193,491
193,497
193,501
193,515
193,526
193,552
193,557
193,559
193,567
193,576
193,582
193,583
193,586
193,588
193,590
193,599
193,619
193,622
193,668
193,687
193,688
193,698
193,700
193,705
193,714
193,718
193,720
193,739
193,749
193,760
193,766
193,774
193,777
193,779
193,791
193,796
193,799
193,800
193,828
193,830
193,840
193,844
193,868
193,892
193,940
193,962
193,968
193,969
193,980
193,993
194,195
194,197
194,202
194,216
194,247
194,250
194,254
194,256
194,258
194,259
194,266
194,277
194,285
194,287
194,291
194,304
194,308
194,310
194,312
194,336
194,339
194,340
194,348
194,365
194,366
194,399
194,403
194,415
194,417
194,426
194,427
194,435
194,437
194,440
194,451
194,455
194,457
194,458
194,466
194,472
194,488
194,493
194,515
194,522
194,525
194,529
194,538
194,542
194,551
194,552
194,557
194,559
194,572
194,580
194,586
194,588
194,606
194,629
194,631
194,633
194,648
194,665
194,667
194,669
194,672
194,675
194,676
194,682
194,685
194,688
194,695
194,705
194,708
194,713
194,718
194,737
194,744
194,749
194,751
194,755
194,762
194,777
194,778
194,779
194,796
194,797
194,801
194,803
194,830
194,832
194,848
194,862
194,869
194,871
194,911
194,940
194,950
194,959
194,965
194,967
194,988
195,197
195,202
195,209
195,242
195,250
195,258
195,259
195,263
195,266
195,277
195,304
195,308
195,312
195,317
195,328
195,331
195,336
195,348
195,399
195,403
195,405
195,412
195,427
195,435
195,450
195,451
195,458
195,466
195,488
195,520
195,522
195,525
195,529
195,538
195,551
195,552
195,557
195,563
195,574
195,586
195,606
195,610
195,629
195,631
195,633
195,655
195,667
195,672
195,675
195,678
195,685
195,692
195,705
195,708
195,713
195,714
195,718
195,725
195,737
195,751
195,755
195,762
195,777
195,778
195,779
195,788
195,797
195,801
195,813
195,830
195,832
195,844
195,851
195,862
195,871
195,887
195,895
195,911
195,940
195,959
195,965
195,973
195,997
196,217
196,266
196,269
196,287
196,291
196,308
196,335
196,403
196,416
196,484
196,519
196,690
196,722
196,739
196,783
196,824
196,870
196,909
196,923
197,202
197,239
197,242
197,258
197,259
197,266
197,267
197,291
197,299
197,304
197,308
197,310
197,317
197,328
197,335
197,336
197,348
197,395
197,400
197,403
197,412
197,417
197,426
197,427
197,435
197,450
197,455
197,456
197,457
197,458
197,466
197,488
197,515
197,522
197,525
197,529
197,538
197,548
197,551
197,552
197,557
197,559
197,574
197,580
197,586
197,629
197,631
197,633
197,649
197,655
197,662
197,667
197,672
197,682
197,685
197,688
197,698
197,705
197,708
197,713
197,714
197,718
197,737
197,746
197,749
197,751
197,755
197,757
197,762
197,774
197,777
197,778
197,779
197,790
197,796
197,797
197,801
197,805
197,809
197,821
197,830
197,832
197,836
197,844
197,848
197,862
197,864
197,869
197,871
197,887
197,891
197,894
197,903
197,911
197,914
197,930
197,940
197,949
197,950
197,959
197,965
198,308
198,396
198,410
198,421
198,442
198,451
198,455
198,473
198,513
198,582
198,634
198,733
198,773
198,788
198,791
198,796
198,807
198,928
199,201
199,229
199,246
199,250
199,262
199,298
199,314
199,320
199,324
199,331
199,339
199,341
199,365
199,384
199,390
199,394
199,398
199,399
199,423
199,426
199,471
199,481
199,485
199,510
199,511
199,516
199,518
199,524
199,532
199,542
199,547
199,560
199,568
199,570
199,580
199,597
199,603
199,606
199,617
199,627
199,638
199,652
199,696
199,709
199,728
199,740
199,743
199,757
199,785
199,788
199,800
199,822
199,831
199,860
199,882
199,895
199,907
199,957
199,984
199,986
199,997
200,215
200,242
200,393
200,446
200,453
200,517
200,609
200,611
200,615
200,636
200,692
200,876
201,207
201,283
201,338
201,349
201,430
201,654
201,659
201,715
201,784
201,788
202,239
202,242
202,243
202,258
202,266
202,291
202,294
202,299
202,304
202,308
202,310
202,317
202,318
202,328
202,335
202,336
202,348
202,395
202,403
202,411
202,412
202,415
202,417
202,427
202,435
202,446
202,450
202,451
202,455
202,456
202,457
202,458
202,465
202,466
202,488
202,515
202,522
202,525
202,529
202,538
202,548
202,551
202,552
202,557
202,559
202,574
202,583
202,586
202,604
202,629
202,631
202,633
202,650
202,655
202,665
202,667
202,672
202,682
202,685
202,688
202,698
202,699
202,705
202,708
202,713
202,714
202,718
202,720
202,737
202,746
202,749
202,751
202,755
202,762
202,766
202,774
202,777
202,778
202,779
202,796
202,797
202,801
202,805
202,807
202,826
202,830
202,832
202,839
202,844
202,848
202,862
202,864
202,869
202,871
202,875
202,887
202,891
202,903
202,911
202,912
202,925
202,930
202,936
202,940
202,950
202,959
202,961
202,965
202,973
203,245
203,250
203,308
203,314
203,331
203,376
203,400
203,413
203,426
203,526
203,538
203,545
203,584
203,606
203,704
203,721
203,730
203,852
203,907
203,933
203,963
204,289
204,316
204,504
204,621
204,625
204,632
204,722
204,771
204,808
204,814
204,913
204,918
204,925
205,245
205,257
205,326
205,380
205,419
205,443
205,564
205,571
205,693
205,734
205,739
205,802
205,848
205,931
205,940
205,966
206,241
206,274
206,352
206,361
206,412
206,521
206,548
206,771
206,782
206,808
206,891
206,965
206,981
206,984
207,237
207,430
207,517
207,646
207,662
207,715
207,784
207,785
207,798
207,809
207,873
207,937
207,948
207,969
208,212
208,234
208,236
208,263
208,285
208,321
208,359
208,483
208,501
208,543
208,583
208,605
208,724
208,774
208,809
208,844
208,910
208,929
208,980
209,247
209,279
209,341
209,355
209,435
209,623
209,633
209,651
209,652
209,685
209,717
209,737
209,755
209,783
209,799
209,801
209,835
209,862
209,871
209,965
210,212
210,215
210,218
210,226
210,228
210,236
210,240
210,241
210,243
210,247
210,263
210,265
210,276
210,285
210,286
210,288
210,293
210,294
210,299
210,300
210,301
210,307
210,321
210,325
210,328
210,330
210,332
210,345
210,355
210,363
210,369
210,393
210,412
210,414
210,415
210,417
210,440
210,446
210,449
210,450
210,451
210,455
210,456
210,457
210,458
210,465
210,467
210,482
210,490
210,491
210,497
210,506
210,515
210,517
210,526
210,548
210,550
210,552
210,557
210,559
210,567
210,572
210,576
210,582
210,583
210,586
210,588
210,590
210,599
210,619
210,622
210,655
210,668
210,688
210,698
210,700
210,705
210,710
210,714
210,718
210,720
210,749
210,762
210,766
210,774
210,777
210,779
210,791
210,796
210,799
210,800
210,811
210,817
210,824
210,828
210,830
210,844
210,876
210,886
210,887
210,891
210,897
210,940
210,943
210,959
210,962
210,993
211,253
211,315
211,317
211,410
211,420
211,428
211,556
211,668
211,764
211,773
211,836
211,881
211,905
211,979
212,215
212,226
212,236
212,240
212,243
212,247
212,263
212,265
212,285
212,286
212,288
212,293
212,297
212,299
212,300
212,301
212,307
212,321
212,325
212,328
212,330
212,332
212,340
212,345
212,347
212,363
212,366
212,369
212,414
212,415
212,417
212,440
212,446
212,449
212,450
212,451
212,455
212,456
212,467
212,482
212,484
212,491
212,497
212,515
212,517
212,526
212,552
212,553
212,556
212,557
212,559
212,567
212,576
212,582
212,583
212,586
212,588
212,590
212,599
212,619
212,622
212,653
212,688
212,698
212,718
212,720
212,766
212,774
212,779
212,791
212,796
212,799
212,800
212,802
212,824
212,828
212,844
212,876
212,877
212,886
212,914
212,962
212,984
212,993
213,237
213,258
213,264
213,283
213,353
213,400
213,509
213,535
213,538
213,601
213,605
213,646
213,672
213,708
213,713
213,716
213,737
213,801
213,848
213,924
213,933
213,950
213,966
213,978
214,216
214,238
214,246
214,250
214,262
214,265
214,272
214,275
214,277
214,298
214,304
214,314
214,324
214,331
214,339
214,365
214,380
214,399
214,406
214,411
214,423
214,426
214,429
214,471
214,485
214,510
214,524
214,526
214,542
214,546
214,547
214,560
214,568
214,573
214,574
214,580
214,581
214,598
214,603
214,606
214,611
214,617
214,627
214,631
214,636
214,652
214,656
214,659
214,666
214,681
214,692
214,695
214,696
214,700
214,709
214,714
214,740
214,743
214,756
214,757
214,774
214,785
214,788
214,800
214,822
214,874
214,884
214,907
214,914
214,955
214,957
214,970
214,984
214,992
214,997
215,227
215,230
215,235
215,236
215,240
215,243
215,265
215,285
215,286
215,293
215,298
215,299
215,307
215,308
215,315
215,321
215,330
215,335
215,339
215,355
215,366
215,368
215,371
215,391
215,399
215,412
215,420
215,426
215,446
215,459
215,462
215,477
215,482
215,513
215,527
215,539
215,542
215,548
215,576
215,582
215,583
215,587
215,590
215,594
215,601
215,606
215,615
215,626
215,641
215,650
215,654
215,655
215,662
215,679
215,685
215,717
215,721
215,727
215,738
215,743
215,748
215,761
215,768
215,805
215,851
215,864
215,887
215,891
215,900
215,911
215,982
215,987
215,997
216,235
216,246
216,250
216,262
216,275
216,277
216,291
216,298
216,314
216,324
216,331
216,336
216,339
216,348
216,353
216,365
216,385
216,391
216,399
216,423
216,426
216,429
216,435
216,471
216,475
216,485
216,495
216,510
216,524
216,525
216,526
216,532
216,538
216,539
216,542
216,547
216,551
216,560
216,566
216,568
216,573
216,574
216,580
216,598
216,603
216,606
216,611
216,615
216,617
216,620
216,627
216,628
216,629
216,652
216,656
216,659
216,667
216,681
216,685
216,696
216,700
216,709
216,727
216,731
216,738
216,740
216,743
216,749
216,751
216,753
216,755
216,757
216,762
216,768
216,769
216,778
216,785
216,788
216,800
216,802
216,816
216,822
216,831
216,851
216,852
216,862
216,871
216,874
216,893
216,903
216,907
216,911
216,931
216,953
216,957
216,969
216,982
216,984
216,986
216,997
217,224
217,247
217,260
217,295
217,346
217,350
217,405
217,431
217,443
217,523
217,684
217,690
217,736
217,743
217,810
217,814
217,856
217,867
217,900
217,902
218,234
218,253
218,276
218,283
218,285
218,293
218,294
218,299
218,312
218,328
218,330
218,345
218,412
218,417
218,419
218,440
218,450
218,515
218,518
218,536
218,548
218,552
218,557
218,559
218,567
218,590
218,632
218,655
218,666
218,688
218,700
218,714
218,759
218,766
218,774
218,779
218,799
218,800
218,813
218,815
218,828
218,859
218,864
218,887
218,891
218,929
218,962
218,993
219,238
219,250
219,314
219,352
219,382
219,387
219,452
219,617
219,641
219,647
219,696
219,761
219,790
219,800
220,371
220,385
220,421
220,625
220,641
220,675
220,683
220,727
220,749
220,766
220,777
220,790
220,817
220,825
220,841
220,900
220,913
220,926
220,933
220,945
221,288
221,419
221,433
221,456
221,457
221,472
221,473
221,536
221,569
221,582
221,589
221,619
221,622
221,650
221,701
221,791
221,852
221,962
222,279
222,280
222,295
222,296
222,297
222,368
222,373
222,445
222,509
222,557
222,581
222,592
222,597
222,615
222,641
222,654
222,662
222,708
222,738
222,761
222,768
222,844
222,884
222,912
222,953
222,954
222,960
222,963
222,969
222,998
223,269
223,393
223,493
223,531
223,538
223,601
223,736
223,776
223,913
224,371
224,387
224,394
224,437
224,472
224,534
224,668
224,695
224,699
224,714
224,776
224,835
224,854
224,874
224,881
224,882
225,322
225,382
225,498
225,579
225,649
225,736
225,801
225,903
225,914
225,996
226,236
226,240
226,243
226,263
226,265
226,285
226,286
226,288
226,290
226,293
226,294
226,300
226,301
226,307
226,309
226,321
226,325
226,328
226,330
226,345
226,347
226,363
226,414
226,415
226,417
226,440
226,455
226,456
226,460
226,463
226,467
226,491
226,515
226,518
226,539
226,546
226,552
226,559
226,563
226,567
226,576
226,582
226,586
226,590
226,601
226,619
226,622
226,636
226,653
226,656
226,682
226,698
226,700
226,718
226,727
226,750
226,753
226,766
226,774
226,788
226,791
226,800
226,811
226,817
226,828
226,836
226,844
226,848
226,874
226,905
226,910
226,918
226,926
226,927
226,950
226,962
226,973
226,985
226,986
226,993
227,264
227,321
227,329
227,398
227,527
227,764
227,808
227,964
228,265
228,285
228,322
228,332
228,335
228,364
228,417
228,440
228,501
228,553
228,590
228,622
228,663
228,761
228,790
228,803
228,815
228,828
228,893
228,916
229,272
229,312
229,386
229,396
229,451
229,516
229,532
229,556
229,558
229,581
229,588
229,630
229,677
229,686
229,754
229,831
229,853
229,856
229,860
229,890
229,964
230,258
230,266
230,437
230,545
230,642
230,672
230,812
231,558
231,596
231,638
231,644
231,779
231,803
231,823
232,266
232,356
232,360
232,364
232,373
232,406
232,545
232,551
232,564
232,575
232,579
232,719
232,726
232,824
232,833
232,955
233,323
233,425
233,504
233,527
233,637
233,711
233,927
234,235
234,284
234,334
234,452
234,577
234,620
234,632
234,651
234,669
234,671
234,726
234,758
234,880
234,886
234,888
234,929
234,947
234,970
234,984
235,277
235,324
235,331
235,339
235,347
235,365
235,376
235,399
235,410
235,412
235,418
235,423
235,426
235,471
235,485
235,486
235,510
235,560
235,568
235,577
235,603
235,606
235,617
235,628
235,634
235,635
235,655
235,659
235,681
235,696
235,709
235,740
235,743
235,757
235,788
235,805
235,809
235,815
235,822
235,831
235,840
235,874
235,898
235,899
235,903
235,907
235,915
235,957
235,958
235,997
236,240
236,243
236,247
236,263
236,265
236,266
236,285
236,286
236,288
236,293
236,294
236,299
236,300
236,301
236,307
236,308
236,321
236,322
236,325
236,328
236,330
236,332
236,345
236,347
236,355
236,363
236,369
236,414
236,415
236,417
236,440
236,446
236,449
236,450
236,452
236,455
236,456
236,465
236,466
236,467
236,468
236,482
236,483
236,484
236,490
236,491
236,506
236,515
236,517
236,526
236,552
236,557
236,559
236,567
236,576
236,582
236,583
236,586
236,590
236,599
236,619
236,622
236,688
236,698
236,700
236,718
236,720
236,734
236,750
236,766
236,774
236,779
236,791
236,796
236,799
236,800
236,813
236,824
236,828
236,844
236,854
236,877
236,891
236,897
236,913
236,962
236,968
236,980
236,993
237,299
237,323
237,498
237,505
237,543
237,553
237,687
237,690
237,716
237,738
237,880
237,925
237,934
237,976
237,978
238,250
238,254
238,289
238,298
238,324
238,399
238,426
238,475
238,508
238,569
238,573
238,588
238,662
238,757
238,837
238,893
238,927
238,997
239,259
239,266
239,280
239,291
239,299
239,310
239,317
239,328
239,403
239,422
239,431
239,435
239,450
239,455
239,457
239,458
239,465
239,489
239,490
239,519
239,559
239,586
239,594
239,602
239,662
239,667
239,672
239,682
239,685
239,705
239,708
239,714
239,720
239,724
239,731
239,737
239,748
239,751
239,755
239,756
239,761
239,762
239,778
239,797
239,801
239,812
239,832
239,839
239,842
239,848
239,862
239,868
239,871
239,944
239,960
239,973
239,985
239,989
240,243
240,247
240,263
240,265
240,285
240,286
240,288
240,293
240,299
240,300
240,301
240,307
240,321
240,328
240,330
240,332
240,345
240,355
240,363
240,414
240,415
240,417
240,440
240,446
240,448
240,449
240,450
240,455
240,456
240,457
240,465
240,467
240,468
240,482
240,491
240,497
240,515
240,526
240,533
240,548
240,550
240,552
240,557
240,559
240,567
240,576
240,577
240,582
240,583
240,586
240,590
240,599
240,619
240,622
240,655
240,687
240,688
240,694
240,698
240,718
240,720
240,749
240,750
240,774
240,777
240,779
240,791
240,796
240,799
240,800
240,824
240,828
240,830
240,844
240,897
240,940
240,962
240,968
240,993
241,273
241,328
241,330
241,341
241,348
241,369
241,435
241,453
241,481
241,491
241,619
241,629
241,668
241,919
242,246
242,253
242,258
242,259
242,263
242,266
242,283
242,291
242,294
242,297
242,299
242,300
242,317
242,328
242,332
242,336
242,348
242,356
242,363
242,395
242,403
242,412
242,417
242,427
242,435
242,450
242,451
242,456
242,458
242,465
242,515
242,522
242,525
242,529
242,538
242,548
242,551
242,552
242,557
242,558
242,559
242,571
242,574
242,582
242,583
242,585
242,590
242,619
242,622
242,629
242,631
242,633
242,655
242,665
242,667
242,672
242,675
242,685
242,705
242,708
242,714
242,720
242,730
242,737
242,751
242,755
242,758
242,762
242,774
242,777
242,778
242,779
242,797
242,801
242,825
242,826
242,828
242,830
242,832
242,844
242,848
242,862
242,864
242,868
242,871
242,875
242,887
242,891
242,910
242,911
242,918
242,924
242,925
242,940
242,959
242,965
242,973
243,263
243,265
243,266
243,285
243,286
243,288
243,293
243,299
243,300
243,301
243,307
243,308
243,321
243,322
243,325
243,328
243,330
243,332
243,345
243,355
243,358
243,363
243,388
243,414
243,415
243,417
243,440
243,446
243,449
243,455
243,456
243,465
243,466
243,467
243,468
243,490
243,491
243,506
243,515
243,526
243,557
243,559
243,576
243,582
243,583
243,590
243,599
243,619
243,622
243,688
243,692
243,700
243,713
243,718
243,720
243,750
243,766
243,774
243,791
243,796
243,799
243,800
243,828
243,844
243,848
243,850
243,897
243,922
243,941
243,944
243,962
243,965
243,993
244,298
244,319
244,325
244,415
244,448
244,452
244,456
244,461
244,468
244,547
244,603
244,634
244,637
244,718
244,720
244,766
244,784
244,796
244,849
244,851
245,250
245,504
245,561
245,596
245,618
245,687
245,782
245,852
245,902
245,934
245,991
246,250
246,262
246,270
246,275
246,277
246,283
246,287
246,314
246,324
246,331
246,339
246,357
246,365
246,385
246,391
246,399
246,423
246,426
246,429
246,446
246,471
246,475
246,485
246,495
246,510
246,514
246,524
246,526
246,531
246,532
246,542
246,543
246,547
246,560
246,566
246,568
246,573
246,574
246,580
246,583
246,602
246,603
246,606
246,611
246,617
246,625
246,627
246,628
246,630
246,652
246,681
246,696
246,700
246,703
246,709
246,728
246,740
246,743
246,757
246,785
246,788
246,802
246,816
246,822
246,823
246,831
246,840
246,860
246,874
246,907
246,937
246,953
246,957
246,960
246,984
246,986
246,992
246,997
246,999
247,258
247,285
247,286
247,290
247,293
247,301
247,307
247,321
247,330
247,332
247,343
247,345
247,363
247,372
247,378
247,397
247,414
247,415
247,417
247,420
247,433
247,440
247,446
247,453
247,455
247,458
247,467
247,482
247,491
247,498
247,515
247,552
247,557
247,559
247,582
247,583
247,586
247,590
247,592
247,599
247,601
247,608
247,622
247,668
247,688
247,698
247,718
247,743
247,749
247,766
247,774
247,777
247,778
247,779
247,789
247,791
247,796
247,812
247,828
247,830
247,844
247,933
247,940
247,947
247,959
247,962
247,980
247,993
248,280
248,296
248,305
248,310
248,344
248,368
248,416
248,438
248,489
248,556
248,570
248,597
248,599
248,615
248,628
248,641
248,644
248,651
248,654
248,662
248,708
248,738
248,753
248,761
248,776
248,859
248,864
248,873
248,887
248,960
249,272
249,313
249,477
249,499
249,509
249,556
249,656
249,677
249,820
249,860
249,873
249,890
249,937
249,952
249,976
249,980
250,258
250,262
250,275
250,277
250,298
250,314
250,324
250,331
250,336
250,339
250,348
250,365
250,369
250,373
250,378
250,385
250,391
250,399
250,423
250,426
250,428
250,429
250,435
250,440
250,451
250,458
250,467
250,471
250,475
250,485
250,509
250,510
250,524
250,529
250,532
250,538
250,539
250,542
250,547
250,551
250,557
250,559
250,560
250,566
250,568
250,573
250,574
250,580
250,598
250,601
250,603
250,606
250,611
250,615
250,617
250,620
250,627
250,628
250,629
250,633
250,644
250,652
250,656
250,659
250,667
250,681
250,685
250,696
250,709
250,727
250,736
250,737
250,740
250,743
250,749
250,751
250,753
250,755
250,757
250,762
250,768
250,785
250,788
250,796
250,800
250,801
250,802
250,816
250,822
250,831
250,862
250,869
250,871
250,874
250,893
250,903
250,907
250,911
250,931
250,938
250,940
250,944
250,945
250,957
250,959
250,962
250,965
250,986
250,997
251,497
251,504
251,534
251,651
251,658
251,728
251,731
251,745
251,765
251,766
251,847
251,863
252,337
252,433
252,480
252,610
252,876
252,879
252,890
253,321
253,341
253,391
253,412
253,450
253,486
253,487
253,495
253,522
253,525
253,539
253,548
253,558
253,633
253,647
253,655
253,656
253,753
253,854
253,887
253,892
253,915
253,958
254,258
254,270
254,302
254,303
254,304
254,402
254,437
254,455
254,503
254,515
254,519
254,540
254,544
254,556
254,614
254,631
254,645
254,648
254,669
254,676
254,682
254,711
254,744
254,749
254,762
254,777
254,830
254,879
254,882
254,924
254,940
255,334
255,354
255,383
255,385
255,420
255,444
255,537
255,575
255,623
255,627
255,632
255,665
255,847
255,893
255,918
255,998
256,267
256,281
256,309
256,402
256,423
256,495
256,562
256,572
256,872
256,935
257,461
257,494
257,500
257,614
257,628
257,691
257,734
257,745
257,837
257,878
257,973
257,987
258,259
258,266
258,277
258,287
258,291
258,294
258,298
258,304
258,308
258,310
258,328
258,336
258,348
258,366
258,385
258,395
258,403
258,417
258,432
258,435
258,451
258,455
258,457
258,458
258,466
258,472
258,488
258,493
258,515
258,522
258,525
258,529
258,538
258,547
258,551
258,552
258,557
258,559
258,574
258,586
258,629
258,631
258,633
258,648
258,667
258,669
258,672
258,682
258,685
258,688
258,689
258,698
258,705
258,708
258,713
258,714
258,718
258,737
258,749
258,751
258,755
258,762
258,777
258,778
258,779
258,797
258,801
258,803
258,807
258,830
258,832
258,848
258,858
258,862
258,871
258,891
258,903
258,911
258,937
258,940
258,949
258,950
258,959
258,965
258,967
259,266
259,294
259,299
259,336
259,348
259,352
259,366
259,372
259,401
259,405
259,435
259,450
259,451
259,455
259,457
259,458
259,472
259,525
259,529
259,538
259,551
259,557
259,574
259,584
259,586
259,610
259,629
259,631
259,633
259,642
259,650
259,667
259,672
259,682
259,685
259,702
259,708
259,737
259,751
259,755
259,762
259,778
259,790
259,797
259,801
259,803
259,832
259,862
259,871
259,879
259,911
259,927
259,940
259,959
259,965
259,985
259,998
260,316
260,394
260,407
260,431
260,463
260,505
260,534
260,629
260,691
260,817
260,818
260,910
260,956
261,290
261,296
261,308
261,385
261,402
261,428
261,546
261,599
261,639
261,723
261,728
261,791
261,804
261,888
261,907
261,919
261,995
261,996
262,268
262,272
262,277
262,298
262,314
262,324
262,327
262,339
262,348
262,399
262,423
262,426
262,429
262,441
262,443
262,455
262,471
262,485
262,507
262,510
262,524
262,532
262,536
262,538
262,539
262,542
262,547
262,560
262,580
262,603
262,605
262,606
262,608
262,611
262,617
262,633
262,641
262,652
262,656
262,659
262,681
262,696
262,709
262,714
262,730
262,740
262,743
262,749
262,752
262,753
262,755
262,757
262,765
262,777
262,785
262,800
262,801
262,822
262,830
262,831
262,886
262,893
262,907
262,916
262,940
262,986
262,997
263,265
263,285
263,286
263,293
263,301
263,307
263,318
263,321
263,328
263,330
263,332
263,336
263,339
263,345
263,363
263,414
263,417
263,435
263,440
263,450
263,451
263,452
263,456
263,467
263,491
263,538
263,551
263,558
263,559
263,574
263,582
263,583
263,590
263,595
263,598
263,599
263,605
263,619
263,622
263,629
263,633
263,652
263,667
263,685
263,700
263,705
263,714
263,720
263,737
263,750
263,751
263,755
263,766
263,774
263,800
263,801
263,828
263,844
263,862
263,871
263,914
263,962
263,969
263,980
263,993
264,269
264,386
264,406
264,419
264,472
264,476
264,528
264,645
264,663
264,679
264,724
264,731
264,754
264,807
264,882
264,902
265,266
265,285
265,286
265,288
265,293
265,294
265,301
265,307
265,321
265,325
265,328
265,330
265,332
265,345
265,354
265,363
265,414
265,415
265,417
265,440
265,446
265,455
265,456
265,467
265,491
265,512
265,515
265,517
265,526
265,559
265,567
265,576
265,581
265,582
265,583
265,588
265,590
265,599
265,619
265,622
265,649
265,720
265,750
265,766
265,774
265,783
265,791
265,799
265,800
265,809
265,817
265,824
265,828
265,832
265,844
265,859
265,875
265,876
265,877
265,886
265,891
265,962
265,980
265,993
266,267
266,279
266,285
266,286
266,287
266,291
266,304
266,308
266,310
266,318
266,328
266,335
266,336
266,348
266,354
266,395
266,400
266,403
266,411
266,414
266,426
266,427
266,435
266,450
266,455
266,457
266,458
266,466
266,488
266,515
266,522
266,525
266,529
266,538
266,550
266,551
266,552
266,557
266,559
266,574
266,581
266,586
266,629
266,631
266,633
266,649
266,667
266,672
266,682
266,685
266,688
266,705
266,708
266,713
266,714
266,716
266,718
266,737
266,749
266,751
266,755
266,757
266,762
266,773
266,777
266,778
266,779
266,796
266,797
266,801
266,807
266,808
266,809
266,830
266,832
266,848
266,862
266,869
266,871
266,903
266,911
266,923
266,940
266,949
266,950
266,959
266,965
267,269
267,403
267,574
267,602
267,678
267,735
267,761
267,892
267,978
268,279
268,354
268,378
268,426
268,516
268,611
268,678
268,679
268,696
268,756
268,842
268,860
268,926
269,276
269,306
269,416
269,418
269,472
269,493
269,591
269,608
269,611
269,612
269,700
269,717
269,805
269,814
269,855
269,880
269,897
269,950
269,954
269,998
270,299
270,308
270,314
270,324
270,331
270,335
270,397
270,399
270,412
270,419
270,426
270,431
270,450
270,471
270,485
270,488
270,524
270,532
270,547
270,548
270,560
270,603
270,617
270,624
270,637
270,655
270,659
270,696
270,709
270,714
270,720
270,737
270,740
270,743
270,816
270,822
270,864
270,882
270,886
270,887
270,891
270,914
270,986
271,284
271,339
271,452
271,593
271,610
271,658
271,757
271,786
271,797
271,865
271,885
271,907
271,914
272,312
272,368
272,442
272,460
272,563
272,566
272,615
272,630
272,634
272,637
272,666
272,691
272,717
272,731
272,781
272,787
272,821
272,840
272,856
272,860
272,890
272,912
272,918
272,937
272,939
272,953
272,968
273,314
273,339
273,350
273,400
273,510
273,529
273,532
273,550
273,604
273,678
273,680
273,692
273,760
273,803
273,840
273,893
273,915
273,927
273,951
273,993
274,361
274,536
274,556
274,579
274,634
274,761
274,784
274,797
274,833
274,836
274,863
274,913
274,931
274,984
275,277
275,295
275,298
275,311
275,314
275,322
275,324
275,331
275,339
275,367
275,399
275,422
275,423
275,426
275,429
275,434
275,453
275,471
275,475
275,485
275,495
275,510
275,513
275,524
275,531
275,532
275,542
275,547
275,560
275,568
275,573
275,574
275,580
275,603
275,604
275,606
275,617
275,620
275,628
275,647
275,659
275,666
275,667
275,676
275,681
275,696
275,709
275,740
275,743
275,757
275,782
275,788
275,799
275,802
275,816
275,822
275,907
275,957
275,968
275,986
275,997
276,286
276,293
276,332
276,364
276,398
276,417
276,526
276,559
276,569
276,585
276,609
276,622
276,623
276,642
276,692
276,705
276,716
276,744
276,761
276,800
276,834
276,855
276,898
276,983
277,298
277,305
277,314
277,317
277,324
277,331
277,336
277,339
277,348
277,349
277,365
277,373
277,385
277,391
277,394
277,399
277,415
277,423
277,426
277,429
277,435
277,440
277,451
277,458
277,466
277,471
277,485
277,510
277,520
277,524
277,525
277,532
277,538
277,539
277,542
277,547
277,551
277,552
277,557
277,560
277,566
277,568
277,573
277,574
277,580
277,598
277,603
277,606
277,608
277,611
277,617
277,627
277,628
277,629
277,633
277,652
277,656
277,659
277,667
277,681
277,685
277,695
277,696
277,700
277,705
277,708
277,709
277,713
277,718
277,727
277,737
277,740
277,743
277,749
277,751
277,753
277,755
277,757
277,762
277,777
277,778
277,785
277,788
277,796
277,797
277,800
277,801
277,802
277,816
277,822
277,830
277,831
277,832
277,848
277,862
277,866
277,871
277,874
277,893
277,903
277,907
277,911
277,914
277,931
277,940
277,944
277,950
277,957
277,959
277,965
277,986
277,997
278,311
278,343
278,400
278,430
278,492
278,545
278,546
278,550
278,563
278,639
278,721
278,745
278,776
278,790
278,810
278,819
278,839
278,863
278,909
278,918
278,943
278,951
278,959
278,972
279,329
279,395
279,403
279,413
279,449
279,456
279,493
279,519
279,553
279,567
279,572
279,574
279,576
279,578
279,631
279,652
279,659
279,720
279,794
279,797
279,860
279,871
279,925
280,283
280,296
280,343
280,368
280,373
280,465
280,489
280,490
280,517
280,539
280,557
280,576
280,594
280,597
280,601
280,613
280,615
280,641
280,644
280,650
280,654
280,656
280,662
280,691
280,696
280,708
280,727
280,738
280,753
280,761
280,768
280,787
280,792
280,841
280,906
280,912
280,960
280,963
280,982
281,380
281,387
281,423
281,442
281,450
281,477
281,512
281,526
281,591
281,619
281,914
281,932
281,999
282,389
282,396
282,407
282,442
282,504
282,536
282,550
282,595
282,673
282,706
282,722
282,879
282,903
282,943
283,288
283,290
283,296
283,299
283,315
283,319
283,332
283,450
283,456
283,500
283,522
283,569
283,583
283,590
283,657
283,708
283,714
283,716
283,720
283,748
283,761
283,800
283,821
283,844
283,867
283,900
283,961
283,983
284,295
284,335
284,665
284,938
285,286
285,288
285,293
285,294
285,299
285,300
285,301
285,307
285,321
285,325
285,327
285,328
285,330
285,332
285,345
285,355
285,363
285,369
285,403
285,414
285,415
285,417
285,440
285,446
285,449
285,450
285,451
285,455
285,456
285,465
285,466
285,467
285,484
285,491
285,497
285,506
285,515
285,517
285,526
285,548
285,550
285,552
285,557
285,559
285,567
285,576
285,582
285,583
285,590
285,599
285,619
285,622
285,645
285,655
285,682
285,688
285,698
285,700
285,710
285,714
285,718
285,720
285,766
285,774
285,779
285,788
285,791
285,796
285,799
285,800
285,821
285,824
285,828
285,844
285,848
285,891
285,897
285,962
285,968
285,980
285,993
286,288
286,293
286,299
286,300
286,301
286,307
286,308
286,321
286,325
286,328
286,330
286,332
286,345
286,355
286,363
286,414
286,415
286,417
286,440
286,446
286,449
286,450
286,451
286,455
286,456
286,465
286,467
286,468
286,482
286,484
286,491
286,515
286,517
286,526
286,550
286,552
286,557
286,559
286,567
286,576
286,582
286,583
286,586
286,590
286,599
286,619
286,622
286,688
286,698
286,700
286,705
286,710
286,718
286,720
286,750
286,759
286,766
286,774
286,779
286,791
286,796
286,799
286,800
286,824
286,828
286,844
286,848
286,876
286,897
286,941
286,962
286,968
286,980
286,993
287,308
287,373
287,493
287,512
287,527
287,628
287,671
287,797
287,830
287,927
287,950
287,997
288,293
288,297
288,299
288,301
288,307
288,321
288,325
288,328
288,330
288,332
288,340
288,345
288,363
288,386
288,414
288,417
288,424
288,440
288,446
288,455
288,456
288,467
288,473
288,491
288,493
288,515
288,552
288,559
288,567
288,576
288,582
288,583
288,590
288,619
288,622
288,688
288,718
288,719
288,720
288,739
288,750
288,759
288,766
288,791
288,796
288,798
288,800
288,809
288,813
288,828
288,844
288,856
288,926
288,939
288,955
288,962
288,983
288,993
289,370
289,394
289,423
289,459
289,461
289,490
289,523
289,578
289,588
289,607
289,733
289,863
289,865
289,897
289,930
289,941
290,309
290,321
290,326
290,330
290,332
290,423
290,442
290,467
290,491
290,496
290,514
290,568
290,582
290,587
290,588
290,596
290,619
290,622
290,661
290,714
290,754
290,774
290,791
290,810
290,827
290,828
290,843
290,876
290,901
290,950
290,956
290,962
290,980
290,987
291,298
291,299
291,304
291,308
291,317
291,328
291,335
291,336
291,348
291,363
291,383
291,395
291,399
291,403
291,417
291,422
291,426
291,427
291,435
291,450
291,451
291,455
291,456
291,457
291,458
291,466
291,467
291,515
291,522
291,525
291,529
291,532
291,538
291,548
291,551
291,552
291,557
291,559
291,574
291,580
291,586
291,590
291,606
291,629
291,633
291,638
291,642
291,649
291,665
291,667
291,672
291,682
291,685
291,688
291,698
291,705
291,708
291,711
291,713
291,714
291,718
291,737
291,745
291,749
291,751
291,755
291,762
291,777
291,778
291,779
291,796
291,797
291,801
291,805
291,815
291,830
291,832
291,848
291,862
291,871
291,891
291,903
291,907
291,935
291,940
291,950
291,959
291,965
292,354
292,496
292,523
292,602
292,605
292,607
292,900
292,992
292,999
293,299
293,301
293,307
293,308
293,321
293,325
293,328
293,330
293,332
293,345
293,355
293,363
293,414
293,415
293,417
293,440
293,446
293,449
293,450
293,455
293,456
293,465
293,467
293,468
293,482
293,484
293,491
293,497
293,515
293,517
293,526
293,552
293,557
293,559
293,567
293,576
293,582
293,583
293,586
293,590
293,599
293,619
293,622
293,643
293,688
293,698
293,710
293,714
293,718
293,720
293,750
293,759
293,766
293,774
293,779
293,791
293,796
293,799
293,800
293,824
293,828
293,844
293,897
293,962
293,980
293,987
293,993
294,299
294,301
294,307
294,321
294,328
294,332
294,334
294,345
294,363
294,383
294,387
294,391
294,395
294,400
294,410
294,416
294,417
294,450
294,455
294,457
294,465
294,467
294,473
294,479
294,488
294,491
294,509
294,515
294,518
294,526
294,552
294,557
294,559
294,582
294,583
294,586
294,590
294,622
294,631
294,664
294,698
294,705
294,707
294,708
294,714
294,718
294,720
294,762
294,766
294,774
294,778
294,796
294,828
294,844
294,891
294,914
294,956
294,962
294,991
295,297
295,302
295,317
295,322
295,371
295,377
295,388
295,413
295,421
295,424
295,438
295,473
295,543
295,548
295,549
295,562
295,563
295,572
295,604
295,639
295,655
295,660
295,675
295,750
295,768
295,817
295,869
295,927
295,968
295,979
296,315
296,362
296,368
296,391
296,431
296,465
296,489
296,490
296,505
296,539
296,570
296,594
296,597
296,615
296,641
296,644
296,654
296,656
296,662
296,699
296,708
296,727
296,738
296,753
296,761
296,841
296,850
296,857
296,858
296,875
296,944
296,947
296,960
296,963
296,982
296,990
297,306
297,332
297,417
297,450
297,491
297,530
297,583
297,590
297,622
297,695
297,720
297,766
297,844
297,919
297,953
297,980
297,991
298,314
298,324
298,331
298,336
298,339
298,353
298,365
298,385
298,399
298,406
298,426
298,429
298,458
298,471
298,485
298,510
298,524
298,532
298,542
298,547
298,560
298,566
298,568
298,573
298,580
298,603
298,606
298,608
298,611
298,615
298,617
298,620
298,628
298,652
298,657
298,681
298,685
298,696
298,709
298,711
298,740
298,743
298,757
298,762
298,785
298,788
298,795
298,797
298,800
298,802
298,808
298,816
298,822
298,831
298,862
298,874
298,880
298,903
298,907
298,910
298,931
298,957
298,970
298,997
299,307
299,310
299,321
299,324
299,328
299,330
299,335
299,339
299,345
299,363
299,391
299,395
299,402
299,412
299,415
299,417
299,426
299,435
299,440
299,450
299,455
299,456
299,457
299,458
299,465
299,467
299,471
299,473
299,482
299,489
299,490
299,491
299,515
299,518
299,525
299,539
299,548
299,552
299,557
299,559
299,582
299,583
299,586
299,589
299,590
299,594
299,595
299,611
299,617
299,622
299,631
299,643
299,644
299,655
299,662
299,665
299,672
299,682
299,698
299,705
299,708
299,712
299,714
299,718
299,720
299,727
299,746
299,749
299,751
299,753
299,762
299,774
299,777
299,778
299,779
299,795
299,796
299,801
299,828
299,830
299,832
299,844
299,848
299,864
299,887
299,891
299,909
299,910
299,940
299,944
299,959
299,961
299,962
299,982
299,993
299,997
300,301
300,307
300,321
300,332
300,345
300,363
300,415
300,417
300,422
300,446
300,451
300,455
300,461
300,467
300,491
300,557
300,582
300,590
300,599
300,604
300,622
300,696
300,718
300,719
300,720
300,729
300,779
300,788
300,791
300,796
300,824
300,828
300,840
300,844
300,849
300,858
300,922
300,944
300,962
300,993
301,307
301,308
301,321
301,328
301,330
301,332
301,345
301,363
301,414
301,415
301,417
301,440
301,442
301,446
301,455
301,456
301,465
301,467
301,484
301,491
301,497
301,513
301,515
301,519
301,526
301,552
301,557
301,559
301,576
301,582
301,583
301,590
301,619
301,622
301,688
301,698
301,705
301,710
301,720
301,734
301,750
301,760
301,766
301,774
301,779
301,788
301,791
301,793
301,796
301,799
301,800
301,821
301,824
301,828
301,844
301,848
301,877
301,881
301,886
301,962
301,968
301,993
302,330
302,345
302,353
302,364
302,467
302,520
302,556
302,615
302,644
302,768
302,900
302,962
303,361
303,414
303,477
303,623
303,630
303,748
303,766
303,792
303,803
303,855
303,879
303,910
304,308
304,310
304,328
304,335
304,336
304,348
304,403
304,411
304,417
304,427
304,435
304,437
304,455
304,458
304,466
304,485
304,488
304,522
304,525
304,529
304,538
304,551
304,552
304,557
304,559
304,574
304,629
304,631
304,633
304,649
304,651
304,652
304,659
304,667
304,672
304,682
304,685
304,688
304,692
304,708
304,713
304,718
304,737
304,749
304,751
304,755
304,762
304,774
304,777
304,778
304,779
304,797
304,801
304,807
304,822
304,830
304,832
304,848
304,862
304,865
304,871
304,903
304,911
304,931
304,940
304,950
304,959
304,965
305,315
305,339
305,401
305,481
305,482
305,566
305,653
305,821
306,320
306,323
306,338
306,482
306,495
306,587
306,608
306,636
306,733
306,735
306,806
306,819
306,823
306,903
306,932
306,936
306,958
306,980
306,999
307,321
307,322
307,328
307,330
307,332
307,345
307,355
307,363
307,369
307,373
307,389
307,414
307,415
307,417
307,433
307,440
307,446
307,450
307,451
307,455
307,456
307,465
307,467
307,468
307,480
307,482
307,491
307,515
307,526
307,552
307,557
307,559
307,567
307,576
307,582
307,583
307,586
307,588
307,590
307,593
307,599
307,619
307,622
307,632
307,643
307,668
307,682
307,687
307,688
307,698
307,714
307,718
307,720
307,735
307,745
307,749
307,766
307,774
307,777
307,779
307,791
307,796
307,799
307,800
307,807
307,828
307,830
307,844
307,877
307,922
307,939
307,940
307,943
307,945
307,948
307,962
307,966
307,968
307,980
307,993
308,312
308,335
308,336
308,345
308,347
308,348
308,355
308,359
308,400
308,403
308,435
308,449
308,451
308,460
308,466
308,488
308,513
308,537
308,538
308,551
308,556
308,572
308,574
308,599
308,606
308,610
308,629
308,632
308,633
308,647
308,659
308,667
308,672
308,685
308,705
308,713
308,737
308,750
308,751
308,755
308,762
308,777
308,792
308,797
308,800
308,801
308,807
308,830
308,862
308,871
308,895
308,911
308,940
308,950
308,965
309,392
309,481
309,579
309,668
309,716
309,821
309,831
309,915
309,950
309,956
310,329
310,355
310,403
310,417
310,427
310,431
310,445
310,450
310,456
310,458
310,465
310,466
310,515
310,522
310,525
310,529
310,552
310,557
310,574
310,586
310,631
310,633
310,650
310,670
310,672
310,682
310,692
310,708
310,713
310,714
310,718
310,733
310,751
310,762
310,774
310,777
310,778
310,779
310,796
310,797
310,805
310,807
310,830
310,832
310,833
310,844
310,848
310,871
310,892
310,894
310,920
310,940
310,950
310,959
311,395
311,483
311,531
311,803
311,826
311,838
311,933
311,948
311,982
311,996
312,334
312,336
312,348
312,433
312,435
312,451
312,473
312,497
312,502
312,538
312,551
312,552
312,578
312,581
312,594
312,630
312,633
312,660
312,667
312,676
312,685
312,705
312,712
312,731
312,737
312,751
312,754
312,755
312,789
312,801
312,811
312,843
312,860
312,862
312,873
312,884
312,890
312,911
312,932
312,937
312,939
312,965
313,328
313,578
313,635
313,739
313,847
313,914
313,950
313,992
314,324
314,331
314,339
314,364
314,385
314,389
314,394
314,397
314,399
314,423
314,426
314,429
314,438
314,471
314,485
314,510
314,524
314,532
314,542
314,547
314,560
314,566
314,568
314,569
314,573
314,574
314,580
314,598
314,603
314,606
314,617
314,627
314,628
314,631
314,652
314,681
314,696
314,709
314,740
314,743
314,757
314,774
314,785
314,788
314,800
314,816
314,822
314,831
314,874
314,893
314,903
314,907
314,914
314,931
314,957
314,986
314,997
315,365
315,368
315,371
315,391
315,446
315,463
315,465
315,477
315,489
315,517
315,539
315,557
315,574
315,615
315,650
315,656
315,657
315,668
315,691
315,708
315,727
315,738
315,753
315,761
315,815
315,919
315,941
315,944
315,960
315,973
316,377
316,432
316,457
316,575
316,666
316,703
316,741
316,815
316,823
316,904
316,923
316,932
316,988
317,328
317,335
317,336
317,348
317,359
317,420
317,435
317,450
317,451
317,458
317,504
317,509
317,520
317,538
317,551
317,563
317,574
317,582
317,610
317,629
317,633
317,667
317,668
317,675
317,685
317,705
317,714
317,722
317,729
317,737
317,751
317,755
317,801
317,862
317,871
317,891
317,911
317,944
317,965
317,973
317,988
317,997
318,437
318,493
318,504
318,529
318,568
318,592
318,633
318,649
318,672
318,766
318,799
318,802
318,832
318,840
318,870
318,877
318,884
318,956
318,957
318,975
319,402
319,438
319,502
319,554
319,562
319,566
319,624
319,652
319,653
319,677
319,678
319,687
319,697
319,778
319,802
319,855
319,920
319,930
319,984
319,985
320,430
320,518
320,652
320,782
321,325
321,328
321,330
321,332
321,339
321,345
321,355
321,363
321,369
321,414
321,415
321,417
321,440
321,446
321,449
321,450
321,451
321,455
321,456
321,465
321,467
321,470
321,482
321,483
321,490
321,491
321,497
321,515
321,517
321,526
321,548
321,552
321,557
321,559
321,567
321,576
321,582
321,583
321,586
321,590
321,599
321,619
321,622
321,668
321,688
321,698
321,700
321,718
321,720
321,766
321,774
321,779
321,788
321,791
321,796
321,799
321,800
321,824
321,828
321,844
321,941
321,962
321,980
321,993
322,331
322,398
322,415
322,456
322,467
322,473
322,487
322,490
322,560
322,568
322,570
322,583
322,601
322,660
322,695
322,724
322,819
322,838
322,844
322,850
322,927
323,391
323,402
323,408
323,414
323,426
323,471
323,530
323,565
323,580
323,722
323,975
324,331
324,339
324,356
324,365
324,367
324,368
324,385
324,391
324,399
324,411
324,423
324,426
324,429
324,471
324,475
324,485
324,489
324,510
324,523
324,524
324,526
324,532
324,535
324,539
324,542
324,547
324,560
324,566
324,568
324,573
324,574
324,580
324,594
324,598
324,603
324,606
324,608
324,611
324,615
324,617
324,628
324,636
324,641
324,652
324,656
324,659
324,666
324,681
324,691
324,695
324,696
324,709
324,727
324,740
324,743
324,753
324,757
324,785
324,788
324,800
324,802
324,816
324,822
324,831
324,851
324,874
324,893
324,903
324,907
324,914
324,944
324,951
324,957
324,969
324,970
324,973
324,982
324,986
324,997
325,330
325,332
325,344
325,363
325,392
325,407
325,413
325,424
325,438
325,440
325,446
325,467
325,491
325,503
325,524
325,577
325,582
325,590
325,607
325,619
325,655
325,664
325,683
325,739
325,763
325,774
325,776
325,828
325,859
325,907
325,923
325,937
325,962
325,993
326,465
326,499
326,524
326,621
326,694
326,722
326,728
326,746
326,792
327,596
327,662
327,876
327,946
328,330
328,332
328,335
328,336
328,345
328,348
328,363
328,369
328,393
328,403
328,412
328,414
328,415
328,417
328,427
328,434
328,435
328,440
328,446
328,449
328,450
328,451
328,452
328,455
328,456
328,457
328,458
328,465
328,467
328,468
328,490
328,491
328,515
328,522
328,536
328,538
328,548
328,551
328,552
328,557
328,559
328,567
328,572
328,574
328,576
328,582
328,583
328,586
328,590
328,596
328,619
328,622
328,629
328,631
328,633
328,653
328,655
328,665
328,667
328,672
328,685
328,688
328,698
328,700
328,705
328,708
328,713
328,714
328,718
328,720
328,737
328,749
328,750
328,751
328,755
328,758
328,762
328,766
328,767
328,774
328,777
328,778
328,779
328,794
328,796
328,797
328,799
328,800
328,801
328,811
328,813
328,828
328,830
328,832
328,839
328,844
328,848
328,862
328,871
328,877
328,887
328,891
328,903
328,910
328,911
328,940
328,950
328,959
328,962
328,965
328,980
328,993
329,362
329,438
329,497
329,522
329,541
329,575
329,616
329,775
329,792
330,332
330,345
330,355
330,363
330,369
330,399
330,414
330,415
330,417
330,440
330,446
330,448
330,449
330,450
330,451
330,455
330,456
330,465
330,467
330,482
330,491
330,497
330,515
330,526
330,548
330,552
330,557
330,559
330,567
330,576
330,582
330,583
330,586
330,590
330,599
330,619
330,622
330,655
330,688
330,698
330,705
330,718
330,720
330,749
330,750
330,766
330,768
330,774
330,777
330,779
330,788
330,789
330,791
330,796
330,799
330,800
330,824
330,828
330,830
330,844
330,854
330,887
330,891
330,939
330,940
330,962
330,993
331,339
331,364
331,365
331,367
331,385
331,399
331,411
331,412
331,423
331,426
331,429
331,435
331,440
331,446
331,451
331,471
331,485
331,510
331,524
331,532
331,542
331,547
331,551
331,560
331,566
331,573
331,574
331,580
331,597
331,603
331,606
331,611
331,617
331,620
331,627
331,628
331,629
331,632
331,633
331,652
331,659
331,664
331,667
331,681
331,685
331,696
331,709
331,725
331,740
331,743
331,755
331,757
331,788
331,801
331,816
331,822
331,831
331,840
331,860
331,866
331,871
331,874
331,893
331,903
331,907
331,914
331,957
331,986
331,997
332,345
332,347
332,358
332,363
332,369
332,414
332,415
332,417
332,440
332,446
332,449
332,450
332,451
332,452
332,455
332,456
332,467
332,470
332,475
332,482
332,488
332,491
332,496
332,497
332,514
332,515
332,520
332,526
332,552
332,553
332,557
332,559
332,567
332,576
332,577
332,582
332,583
332,586
332,590
332,597
332,599
332,619
332,622
332,631
332,668
332,688
332,698
332,710
332,714
332,718
332,720
332,749
332,754
332,766
332,774
332,775
332,779
332,791
332,796
332,799
332,800
332,802
332,824
332,828
332,830
332,844
332,891
332,940
332,956
332,962
332,980
332,993
333,345
333,360
333,395
333,472
333,641
333,642
333,691
333,723
334,365
334,430
334,470
334,540
334,579
334,601
334,649
334,687
334,711
334,719
334,731
334,742
334,837
334,853
334,880
335,348
335,395
335,403
335,412
335,419
335,435
335,450
335,471
335,488
335,492
335,519
335,522
335,538
335,540
335,548
335,551
335,571
335,574
335,607
335,626
335,631
335,633
335,655
335,659
335,669
335,685
335,687
335,708
335,714
335,720
335,737
335,751
335,755
335,779
335,797
335,798
335,801
335,805
335,836
335,848
335,862
335,864
335,883
335,887
335,891
335,940
335,950
336,348
336,365
336,366
336,369
336,399
336,403
336,412
336,435
336,450
336,451
336,455
336,458
336,466
336,505
336,522
336,525
336,529
336,538
336,542
336,548
336,551
336,552
336,557
336,559
336,574
336,580
336,586
336,603
336,606
336,610
336,614
336,629
336,631
336,633
336,655
336,667
336,672
336,675
336,685
336,705
336,708
336,713
336,714
336,718
336,737
336,740
336,751
336,755
336,757
336,762
336,774
336,777
336,778
336,779
336,788
336,797
336,801
336,830
336,832
336,844
336,851
336,862
336,871
336,887
336,891
336,895
336,911
336,924
336,940
336,959
336,965
336,973
336,997
337,550
337,631
337,689
337,725
337,747
337,770
337,789
337,794
337,877
337,897
337,906
337,937
337,954
337,993
338,367
338,368
338,497
338,615
338,695
338,784
339,385
339,399
339,423
339,426
339,429
339,471
339,475
339,485
339,510
339,524
339,526
339,532
339,541
339,542
339,547
339,560
339,566
339,568
339,573
339,574
339,580
339,582
339,598
339,603
339,606
339,610
339,611
339,617
339,620
339,627
339,628
339,638
339,652
339,659
339,666
339,681
339,692
339,696
339,704
339,709
339,740
339,743
339,757
339,758
339,762
339,764
339,774
339,788
339,797
339,800
339,816
339,822
339,828
339,831
339,835
339,840
339,874
339,876
339,893
339,903
339,907
339,914
339,957
339,970
339,986
339,990
339,997
340,362
340,392
340,449
340,458
340,463
340,577
340,607
340,612
340,713
340,747
340,770
340,777
340,778
340,809
340,832
340,970
341,361
341,367
341,495
341,503
341,553
341,694
341,710
341,721
341,726
341,742
341,869
341,918
342,357
342,362
342,555
342,605
342,611
342,653
342,748
342,759
342,794
342,814
342,967
343,608
343,802
343,831
343,914
343,948
343,966
344,406
344,530
344,532
344,543
344,589
344,627
344,661
344,761
344,834
344,883
345,355
345,363
345,366
345,414
345,415
345,417
345,423
345,428
345,440
345,446
345,450
345,455
345,456
345,465
345,467
345,474
345,482
345,491
345,497
345,515
345,517
345,519
345,526
345,552
345,557
345,559
345,567
345,576
345,582
345,583
345,586
345,588
345,590
345,599
345,606
345,617
345,619
345,622
345,645
345,688
345,698
345,700
345,718
345,720
345,750
345,766
345,774
345,779
345,791
345,796
345,799
345,800
345,828
345,844
345,873
345,962
345,980
345,993
346,361
346,418
346,482
346,578
346,593
346,631
346,671
346,766
346,807
346,866
346,901
346,918
346,936
346,983
347,374
347,396
347,425
347,439
347,442
347,444
347,449
347,453
347,472
347,525
347,577
347,578
347,592
347,594
347,599
347,697
347,703
347,720
347,784
347,799
347,826
347,828
347,956
347,962
347,963
348,399
348,403
348,412
348,417
348,426
348,427
348,435
348,450
348,451
348,455
348,458
348,466
348,488
348,522
348,525
348,529
348,538
348,542
348,548
348,551
348,552
348,557
348,559
348,574
348,580
348,586
348,606
348,610
348,629
348,631
348,633
348,655
348,665
348,667
348,672
348,675
348,678
348,685
348,692
348,695
348,705
348,708
348,713
348,714
348,718
348,720
348,737
348,749
348,751
348,755
348,757
348,762
348,777
348,778
348,779
348,788
348,797
348,801
348,830
348,832
348,844
348,851
348,862
348,866
348,871
348,887
348,891
348,895
348,911
348,940
348,959
348,965
348,973
348,991
348,995
349,553
349,635
349,636
349,638
349,678
349,728
349,734
349,895
349,949
349,995
350,377
350,396
350,473
350,519
350,570
350,698
350,768
350,799
351,442
351,495
351,498
351,661
351,691
351,727
351,754
351,778
351,783
351,830
351,840
351,890
351,940
352,521
352,522
352,742
352,749
352,782
352,830
352,834
352,869
352,925
352,998
353,408
353,480
353,647
353,656
353,731
353,738
353,907
353,954
353,966
353,977
353,985
353,988
353,995
354,513
354,602
354,649
354,702
354,899
354,911
354,927
354,999
355,382
355,388
355,412
355,415
355,446
355,454
355,455
355,467
355,482
355,491
355,504
355,515
355,524
355,527
355,548
355,552
355,559
355,582
355,590
355,597
355,599
355,622
355,643
355,655
355,717
355,718
355,749
355,751
355,800
355,805
355,817
355,828
355,863
355,871
355,887
355,968
355,993
356,427
356,522
356,572
356,619
356,623
356,638
356,645
356,707
356,751
356,794
356,824
356,825
356,844
356,882
356,895
356,903
356,908
356,910
357,379
357,426
357,475
357,498
357,529
357,532
357,606
357,652
357,728
357,791
357,914
358,362
358,490
358,506
358,518
358,528
358,585
358,622
358,720
358,976
358,982
359,402
359,413
359,420
359,659
359,681
359,731
360,407
360,423
360,427
360,500
360,570
360,618
360,643
360,664
360,672
360,739
360,756
360,780
360,812
360,845
360,883
360,886
360,959
360,967
360,975
361,419
361,500
361,529
361,725
361,786
361,789
361,876
361,947
362,475
362,634
362,668
362,756
362,771
362,785
362,815
362,883
362,886
362,957
362,994
363,369
363,373
363,393
363,396
363,414
363,415
363,417
363,440
363,446
363,449
363,450
363,451
363,452
363,455
363,456
363,457
363,465
363,467
363,482
363,491
363,497
363,515
363,517
363,526
363,548
363,552
363,557
363,559
363,567
363,576
363,582
363,583
363,586
363,590
363,591
363,599
363,614
363,619
363,622
363,655
363,688
363,698
363,705
363,714
363,718
363,720
363,749
363,766
363,774
363,779
363,788
363,791
363,796
363,799
363,800
363,808
363,813
363,828
363,830
363,844
363,891
363,897
363,903
363,915
363,940
363,942
363,962
363,978
363,980
363,993
364,449
364,539
364,581
364,601
364,627
364,628
364,650
364,656
364,727
364,813
364,849
364,932
364,944
364,986
365,368
365,369
365,385
365,399
365,404
365,423
365,426
365,440
365,467
365,471
365,475
365,485
365,495
365,510
365,515
365,532
365,542
365,547
365,552
365,560
365,566
365,567
365,573
365,580
365,586
365,603
365,606
365,608
365,617
365,620
365,628
365,632
365,658
365,672
365,685
365,696
365,700
365,708
365,709
365,718
365,740
365,743
365,757
365,762
365,777
365,779
365,788
365,800
365,816
365,830
365,874
365,907
365,940
365,953
365,957
365,959
365,960
365,992
365,997
366,458
366,506
366,525
366,529
366,591
366,631
366,672
366,700
366,702
366,762
366,778
366,832
366,911
366,949
366,959
366,965
367,427
367,429
367,471
367,485
367,495
367,519
367,532
367,542
367,573
367,609
367,658
367,659
367,662
367,667
367,740
367,757
367,819
367,822
367,844
367,882
367,897
367,904
367,984
368,373
368,391
368,465
368,489
368,490
368,495
368,517
368,534
368,539
368,570
368,594
368,597
368,615
368,641
368,644
368,650
368,654
368,656
368,662
368,691
368,708
368,727
368,738
368,753
368,761
368,768
368,770
368,786
368,823
368,902
368,906
368,912
368,929
368,941
368,944
368,950
368,960
368,963
368,982
368,997
369,387
369,399
369,429
369,450
369,451
369,455
369,456
369,467
369,470
369,472
369,491
369,552
369,582
369,583
369,586
369,590
369,597
369,603
369,606
369,610
369,622
369,632
369,696
369,714
369,720
369,757
369,766
369,796
369,805
369,816
369,828
369,844
369,871
369,872
369,924
369,936
369,962
369,993
370,429
370,514
370,593
370,605
370,642
370,669
370,689
370,808
370,906
370,950
371,419
371,442
371,490
371,515
371,555
371,582
371,594
371,615
371,656
371,668
371,677
371,683
371,727
371,751
371,776
371,796
371,817
371,869
371,965
372,541
372,595
372,605
372,643
372,645
372,789
372,798
372,817
372,841
372,872
372,883
372,938
373,399
373,440
373,470
373,475
373,532
373,560
373,579
373,580
373,582
373,601
373,606
373,615
373,617
373,641
373,654
373,662
373,696
373,709
373,738
373,757
373,761
373,768
373,769
373,788
373,796
373,828
373,877
373,895
373,910
373,945
373,947
373,957
373,960
373,963
374,388
374,395
374,449
374,577
374,604
374,608
374,704
374,722
374,741
374,779
374,795
374,809
374,812
374,823
374,845
375,401
375,560
375,795
375,799
375,813
375,934
375,999
376,493
376,504
376,545
376,636
376,659
376,700
376,717
376,806
376,812
376,822
376,942
376,978
377,405
377,428
377,442
377,495
377,505
377,516
377,573
377,632
377,723
377,809
377,869
377,898
377,973
378,380
378,428
378,595
378,596
378,763
378,785
378,825
378,902
378,908
378,909
378,921
378,978
379,414
379,478
379,512
379,563
379,581
379,646
379,826
379,865
379,901
379,933
380,383
380,396
380,399
380,429
380,461
380,468
380,530
380,547
380,573
380,600
380,632
380,694
380,764
380,785
380,937
380,945
381,425
381,544
381,562
381,570
381,639
381,649
381,702
381,756
381,820
381,852
381,857
381,926
381,955
382,412
382,655
382,780
382,817
382,824
382,847
382,864
383,395
383,418
383,447
383,452
383,492
383,537
383,545
383,568
383,624
383,630
383,661
383,663
383,714
383,786
383,793
383,801
383,872
383,874
384,391
384,410
384,445
384,534
384,539
384,607
384,627
384,656
384,707
384,727
384,753
384,759
384,835
384,861
384,875
384,876
384,886
384,896
384,898
384,918
384,927
384,928
384,955
384,966
384,987
385,398
385,399
385,423
385,426
385,471
385,472
385,493
385,510
385,520
385,525
385,542
385,547
385,560
385,573
385,580
385,603
385,606
385,617
385,681
385,696
385,709
385,740
385,743
385,757
385,800
385,842
385,866
385,907
385,946
385,997
386,392
386,453
386,527
386,553
386,569
386,592
386,657
386,812
386,863
386,894
386,898
386,934
386,955
387,395
387,464
387,485
387,661
387,702
387,736
387,820
387,834
387,976
388,407
388,428
388,433
388,596
388,702
388,746
388,813
388,877
388,897
388,898
388,935
388,982
388,986
389,393
389,399
389,472
389,647
389,698
389,765
389,807
390,396
390,513
390,537
390,561
390,776
390,791
390,804
390,874
390,934
390,948
391,399
391,426
391,465
391,471
391,478
391,489
391,517
391,532
391,534
391,539
391,542
391,581
391,594
391,611
391,615
391,641
391,644
391,647
391,650
391,654
391,656
391,662
391,677
391,681
391,691
391,708
391,709
391,727
391,733
391,738
391,740
391,743
391,753
391,765
391,768
391,790
391,816
391,826
391,827
391,834
391,853
391,912
391,944
391,963
391,970
391,997
392,442
392,446
392,504
392,530
392,558
392,588
392,630
392,665
392,674
392,688
392,715
392,740
392,825
392,828
392,928
392,952
393,442
393,470
393,491
393,586
393,590
393,611
393,630
393,659
393,670
393,696
393,702
393,704
393,823
393,916
393,993
394,511
394,580
394,600
394,606
394,617
394,731
394,788
394,872
394,876
394,878
394,881
394,963
394,997
395,403
395,412
395,417
395,427
395,439
395,450
395,455
395,457
395,458
395,475
395,488
395,529
395,548
395,552
395,557
395,567
395,574
395,586
395,587
395,631
395,655
395,672
395,682
395,700
395,714
395,720
395,749
395,762
395,777
395,778
395,779
395,797
395,800
395,807
395,821
395,830
395,832
395,837
395,839
395,848
395,871
395,877
395,887
395,891
395,940
395,950
395,953
395,959
396,425
396,438
396,455
396,467
396,513
396,521
396,592
396,602
396,618
396,619
396,642
396,673
396,783
396,906
396,946
397,402
397,413
397,425
397,477
397,494
397,526
397,574
397,578
397,583
397,584
397,605
397,632
397,754
397,774
397,892
397,926
397,929
397,980
398,441
398,447
398,472
398,493
398,516
398,548
398,634
398,655
398,720
398,838
398,869
398,879
398,887
398,891
398,999
399,423
399,426
399,429
399,435
399,440
399,451
399,455
399,471
399,475
399,485
399,494
399,510
399,524
399,525
399,532
399,538
399,539
399,542
399,547
399,551
399,557
399,560
399,566
399,568
399,573
399,574
399,580
399,585
399,586
399,598
399,603
399,606
399,611
399,615
399,617
399,625
399,627
399,628
399,629
399,633
399,652
399,659
399,667
399,672
399,681
399,685
399,696
399,709
399,713
399,718
399,727
399,737
399,738
399,740
399,743
399,749
399,755
399,757
399,762
399,768
399,769
399,777
399,778
399,785
399,788
399,796
399,797
399,800
399,801
399,802
399,816
399,822
399,830
399,831
399,832
399,851
399,862
399,871
399,874
399,893
399,903
399,907
399,911
399,914
399,931
399,940
399,950
399,957
399,965
399,970
399,982
399,986
399,997
400,403
400,429
400,509
400,524
400,546
400,550
400,563
400,637
400,639
400,682
400,776
400,790
400,797
400,811
400,855
400,931
400,943
400,950
401,514
401,601
401,632
401,674
401,702
401,762
401,769
401,796
402,457
402,576
402,591
402,682
402,694
402,775
402,811
402,855
402,898
402,903
402,917
402,969
403,417
403,426
403,427
403,435
403,450
403,455
403,456
403,457
403,458
403,466
403,488
403,493
403,515
403,522
403,525
403,529
403,538
403,551
403,552
403,557
403,559
403,574
403,586
403,629
403,631
403,632
403,633
403,646
403,647
403,649
403,665
403,667
403,672
403,682
403,685
403,688
403,699
403,705
403,708
403,713
403,714
403,718
403,737
403,749
403,751
403,755
403,762
403,776
403,777
403,778
403,779
403,796
403,797
403,801
403,805
403,807
403,821
403,830
403,832
403,848
403,862
403,869
403,871
403,894
403,903
403,907
403,911
403,940
403,949
403,950
403,959
403,965
404,481
404,585
404,646
404,673
404,756
404,946
405,499
405,615
405,754
405,764
405,902
405,927
406,456
406,468
406,476
406,503
406,518
406,526
406,565
406,580
406,591
406,660
406,684
406,694
406,730
406,731
406,813
406,835
406,839
406,842
406,898
406,928
406,933
407,612
407,901
407,930
408,427
408,439
408,469
408,494
408,496
408,523
408,543
408,617
408,754
408,959
408,964
409,492
409,513
409,522
409,604
409,702
409,810
410,461
410,548
410,558
410,562
410,720
410,742
410,780
410,889
410,958
411,426
411,427
411,471
411,483
411,485
411,508
411,522
411,529
411,552
411,557
411,574
411,583
411,603
411,631
411,659
411,681
411,698
411,705
411,709
411,736
411,751
411,771
411,774
411,830
411,848
411,855
411,898
411,955
411,959
412,424
412,432
412,435
412,450
412,465
412,473
412,488
412,525
412,537
412,538
412,548
412,551
412,559
412,571
412,572
412,605
412,629
412,633
412,637
412,655
412,662
412,667
412,685
412,698
412,705
412,708
412,714
412,717
412,720
412,737
412,743
412,751
412,755
412,774
412,777
412,779
412,801
412,848
412,862
412,863
412,864
412,882
412,884
412,887
412,891
412,912
412,916
412,940
412,950
412,958
412,965
412,982
412,991
413,416
413,437
413,504
413,583
413,591
413,632
413,647
413,664
413,666
413,703
413,714
413,724
413,803
413,845
413,855
413,925
413,970
414,415
414,417
414,440
414,446
414,455
414,467
414,486
414,491
414,515
414,526
414,552
414,557
414,559
414,567
414,570
414,576
414,582
414,583
414,590
414,599
414,609
414,622
414,688
414,720
414,733
414,752
414,758
414,766
414,774
414,796
414,800
414,821
414,824
414,828
414,844
414,854
414,962
414,980
414,993
415,417
415,440
415,445
415,446
415,448
415,450
415,451
415,455
415,456
415,457
415,458
415,465
415,466
415,467
415,490
415,491
415,497
415,515
415,517
415,525
415,529
415,532
415,550
415,552
415,557
415,559
415,567
415,576
415,582
415,583
415,586
415,590
415,599
415,622
415,629
415,655
415,672
415,685
415,688
415,698
415,705
415,708
415,713
415,716
415,718
415,720
415,737
415,749
415,755
415,762
415,766
415,767
415,774
415,777
415,778
415,779
415,783
415,786
415,796
415,797
415,799
415,801
415,814
415,828
415,829
415,830
415,832
415,844
415,848
415,887
415,907
415,911
415,940
415,948
415,950
415,959
415,962
415,965
415,980
415,993
416,428
416,432
416,447
416,555
416,567
416,587
416,607
416,611
416,649
416,666
416,695
416,752
416,758
416,797
416,853
416,949
417,425
417,427
417,433
417,435
417,440
417,450
417,451
417,455
417,456
417,457
417,458
417,465
417,466
417,467
417,490
417,491
417,497
417,515
417,517
417,522
417,526
417,529
417,548
417,551
417,552
417,557
417,559
417,567
417,576
417,582
417,583
417,586
417,588
417,590
417,619
417,622
417,629
417,655
417,662
417,665
417,667
417,672
417,684
417,685
417,688
417,698
417,705
417,708
417,713
417,714
417,718
417,720
417,737
417,749
417,750
417,755
417,762
417,766
417,772
417,774
417,777
417,778
417,779
417,796
417,797
417,800
417,803
417,828
417,830
417,832
417,844
417,848
417,854
417,887
417,891
417,897
417,911
417,913
417,930
417,940
417,959
417,962
417,965
417,993
418,454
418,496
418,497
418,529
418,545
418,589
418,596
418,730
418,741
418,901
419,433
419,473
419,582
419,586
419,659
419,683
419,692
419,701
419,777
419,838
419,859
419,877
419,885
419,916
419,940
420,452
420,469
420,947
420,967
420,981
420,988
421,487
421,565
421,641
421,708
421,713
421,778
421,827
421,854
421,862
421,929
421,948
421,963
421,973
422,471
422,476
422,602
422,607
422,660
422,665
422,678
422,726
422,811
422,954
423,426
423,429
423,471
423,485
423,491
423,510
423,524
423,526
423,531
423,532
423,542
423,547
423,560
423,566
423,568
423,574
423,580
423,603
423,606
423,617
423,620
423,627
423,652
423,659
423,664
423,681
423,696
423,709
423,729
423,740
423,743
423,757
423,788
423,800
423,822
423,831
423,874
423,903
423,907
423,914
423,957
423,975
423,986
423,997
424,438
424,445
424,473
424,485
424,510
424,548
424,562
424,572
424,604
424,639
424,655
424,703
424,739
424,745
424,840
424,846
424,847
424,897
424,944
424,984
424,993
424,998
425,438
425,504
425,516
425,689
425,736
426,429
426,471
426,472
426,475
426,485
426,508
426,510
426,524
426,532
426,539
426,542
426,547
426,557
426,560
426,566
426,568
426,573
426,574
426,580
426,603
426,606
426,615
426,617
426,627
426,628
426,629
426,652
426,656
426,681
426,694
426,696
426,700
426,709
426,734
426,740
426,743
426,753
426,757
426,768
426,785
426,788
426,797
426,800
426,816
426,822
426,866
426,874
426,893
426,903
426,907
426,911
426,913
426,914
426,920
426,928
426,957
426,970
426,997
427,435
427,450
427,455
427,456
427,458
427,466
427,488
427,522
427,538
427,551
427,552
427,559
427,574
427,612
427,629
427,631
427,633
427,650
427,667
427,672
427,675
427,685
427,698
427,705
427,708
427,713
427,714
427,718
427,730
427,737
427,742
427,749
427,751
427,755
427,762
427,765
427,777
427,778
427,779
427,794
427,797
427,798
427,801
427,824
427,830
427,832
427,834
427,844
427,848
427,862
427,865
427,871
427,908
427,912
427,936
427,940
427,959
427,965
427,966
427,973
428,587
428,602
428,666
428,847
428,898
428,955
429,471
429,475
429,485
429,486
429,510
429,524
429,531
429,532
429,542
429,546
429,547
429,560
429,566
429,568
429,573
429,574
429,580
429,603
429,606
429,617
429,620
429,627
429,628
429,642
429,652
429,659
429,663
429,681
429,696
429,709
429,740
429,743
429,757
429,788
429,791
429,800
429,802
429,816
429,822
429,831
429,874
429,907
429,957
429,968
429,970
429,986
429,992
429,997
430,449
430,504
430,548
430,553
430,571
430,577
430,678
430,719
430,725
430,764
430,765
430,798
430,824
430,839
430,887
430,914
431,443
431,449
431,544
431,619
431,659
431,742
431,769
431,812
431,819
431,827
431,833
431,866
431,938
431,969
431,996
432,458
432,628
432,710
432,916
432,999
433,478
433,592
433,593
433,655
433,704
433,719
433,776
433,779
433,840
433,874
433,936
434,450
434,456
434,457
434,462
434,490
434,559
434,583
434,589
434,597
434,632
434,665
434,743
434,905
434,961
434,974
435,450
435,451
435,455
435,458
435,466
435,488
435,505
435,520
435,522
435,525
435,529
435,538
435,542
435,548
435,550
435,551
435,552
435,557
435,559
435,574
435,580
435,586
435,606
435,610
435,629
435,631
435,633
435,646
435,655
435,667
435,672
435,675
435,678
435,685
435,695
435,705
435,708
435,713
435,714
435,718
435,720
435,737
435,740
435,751
435,755
435,762
435,774
435,777
435,778
435,779
435,788
435,797
435,801
435,813
435,830
435,832
435,844
435,848
435,851
435,861
435,862
435,871
435,882
435,887
435,891
435,895
435,911
435,932
435,940
435,959
435,965
435,973
435,997
436,733
436,764
436,864
436,866
436,900
436,912
436,935
436,967
437,459
437,485
437,488
437,493
437,511
437,574
437,607
437,652
437,659
437,672
437,709
437,762
437,765
437,766
437,796
437,848
437,870
437,942
437,950
437,979
438,473
438,481
438,498
438,624
438,686
438,827
438,898
438,972
439,451
439,489
439,506
439,554
439,561
439,672
439,679
439,727
439,765
439,888
439,943
439,959
439,963
439,964
439,969
440,449
440,450
440,455
440,456
440,457
440,458
440,467
440,482
440,491
440,515
440,517
440,525
440,542
440,548
440,552
440,557
440,559
440,567
440,580
440,582
440,583
440,586
440,590
440,595
440,606
440,619
440,622
440,655
440,672
440,688
440,698
440,708
440,709
440,713
440,714
440,718
440,720
440,721
440,749
440,762
440,766
440,768
440,774
440,777
440,778
440,779
440,783
440,788
440,796
440,803
440,807
440,828
440,830
440,832
440,844
440,848
440,887
440,891
440,904
440,923
440,939
440,940
440,950
440,959
440,962
440,980
440,987
440,990
440,993
441,480
441,598
441,624
441,640
441,847
441,850
441,984
441,989
442,494
442,525
442,611
442,621
442,659
442,668
442,704
442,722
442,764
442,792
442,817
442,823
442,884
442,914
442,933
442,935
442,986
443,455
443,522
443,600
443,684
443,690
443,717
443,818
443,916
443,992
444,449
444,555
444,566
444,703
444,863
444,910
445,543
445,586
445,615
445,708
445,725
445,790
445,796
445,827
445,852
445,955
446,452
446,455
446,467
446,468
446,473
446,491
446,515
446,537
446,559
446,567
446,576
446,582
446,583
446,590
446,597
446,622
446,643
446,671
446,682
446,688
446,709
446,720
446,765
446,791
446,796
446,799
446,800
446,824
446,828
446,844
446,848
446,907
446,962
446,993
447,493
447,578
447,635
447,666
447,711
447,716
447,780
447,819
447,927
447,932
447,951
447,955
448,491
448,537
448,554
448,590
448,707
448,717
448,724
448,767
448,855
449,455
449,467
449,491
449,512
449,553
449,577
449,578
449,590
449,595
449,599
449,630
449,703
449,720
449,759
449,799
449,800
449,809
449,828
449,880
449,945
449,962
449,993
450,451
450,452
450,455
450,456
450,457
450,458
450,465
450,467
450,488
450,489
450,490
450,491
450,515
450,524
450,525
450,529
450,538
450,548
450,551
450,552
450,557
450,559
450,564
450,571
450,582
450,583
450,586
450,590
450,619
450,622
450,629
450,631
450,633
450,650
450,655
450,667
450,672
450,675
450,682
450,685
450,688
450,698
450,702
450,705
450,708
450,713
450,714
450,718
450,720
450,727
450,737
450,749
450,751
450,755
450,762
450,766
450,774
450,777
450,778
450,779
450,796
450,797
450,801
450,811
450,828
450,830
450,832
450,844
450,848
450,862
450,864
450,871
450,887
450,891
450,911
450,912
450,926
450,940
450,953
450,959
450,962
450,965
450,969
450,973
450,982
450,991
450,993
451,455
451,456
451,458
451,464
451,467
451,488
451,491
451,502
451,515
451,522
451,525
451,529
451,531
451,538
451,542
451,551
451,552
451,557
451,559
451,582
451,586
451,590
451,606
451,610
451,611
451,622
451,629
451,631
451,632
451,633
451,642
451,655
451,659
451,667
451,672
451,675
451,685
451,688
451,696
451,698
451,705
451,708
451,713
451,714
451,718
451,720
451,737
451,740
451,751
451,755
451,762
451,766
451,774
451,777
451,778
451,779
451,788
451,796
451,801
451,803
451,807
451,815
451,828
451,830
451,832
451,844
451,851
451,862
451,871
451,876
451,887
451,891
451,911
451,924
451,934
451,940
451,959
451,962
451,965
451,993
451,997
452,460
452,511
452,590
452,602
452,720
452,833
452,844
452,894
452,911
452,929
452,980
453,483
453,485
453,525
453,531
453,559
453,593
453,647
453,672
453,678
453,686
453,750
453,778
453,816
453,832
453,898
453,934
453,941
453,969
453,996
454,482
454,523
454,624
454,666
454,719
454,746
454,882
454,885
454,983
454,991
455,456
455,457
455,458
455,466
455,467
455,482
455,491
455,515
455,525
455,526
455,529
455,532
455,542
455,551
455,552
455,557
455,559
455,567
455,574
455,576
455,582
455,583
455,586
455,588
455,590
455,597
455,599
455,619
455,622
455,629
455,632
455,655
455,667
455,672
455,685
455,688
455,698
455,705
455,708
455,713
455,714
455,716
455,718
455,720
455,737
455,749
455,755
455,762
455,766
455,774
455,775
455,777
455,778
455,779
455,788
455,796
455,797
455,801
455,824
455,828
455,830
455,832
455,844
455,848
455,871
455,887
455,911
455,925
455,940
455,943
455,950
455,952
455,959
455,962
455,965
455,993
456,466
456,467
456,487
456,490
456,491
456,515
456,522
456,526
456,552
456,557
456,559
456,576
456,582
456,583
456,586
456,590
456,619
456,622
456,633
456,646
456,665
456,685
456,698
456,705
456,708
456,713
456,714
456,718
456,720
456,749
456,751
456,758
456,766
456,774
456,777
456,779
456,796
456,797
456,799
456,828
456,830
456,839
456,842
456,844
456,871
456,886
456,892
456,911
456,940
456,962
456,980
456,993
457,458
457,465
457,466
457,467
457,489
457,490
457,491
457,508
457,515
457,519
457,525
457,529
457,552
457,553
457,557
457,559
457,574
457,586
457,594
457,621
457,633
457,662
457,665
457,672
457,682
457,688
457,698
457,705
457,708
457,713
457,716
457,718
457,720
457,730
457,749
457,758
457,761
457,762
457,769
457,777
457,778
457,779
457,796
457,797
457,798
457,809
457,830
457,832
457,844
457,848
457,868
457,871
457,887
457,891
457,925
457,940
457,944
457,950
457,959
458,465
458,466
458,472
458,479
458,488
458,491
458,493
458,515
458,522
458,525
458,529
458,538
458,542
458,551
458,552
458,557
458,559
458,574
458,580
458,586
458,606
458,622
458,629
458,631
458,633
458,648
458,650
458,667
458,672
458,682
458,685
458,688
458,695
458,705
458,708
458,710
458,713
458,714
458,718
458,737
458,749
458,751
458,755
458,757
458,761
458,762
458,774
458,777
458,778
458,779
458,788
458,796
458,797
458,800
458,801
458,803
458,807
458,811
458,813
458,821
458,830
458,832
458,844
458,848
458,862
458,871
458,885
458,891
458,896
458,911
458,940
458,949
458,950
458,959
458,960
458,965
458,967
459,489
459,613
459,901
459,913
460,485
460,510
460,586
460,587
460,639
460,646
460,663
460,781
460,814
460,816
460,829
460,860
460,894
460,925
460,959
461,649
461,700
461,722
461,741
461,809
461,868
461,911
461,928
462,501
462,555
462,597
462,730
462,775
462,874
462,904
463,483
463,562
463,574
463,582
463,698
463,719
463,734
463,747
463,985
464,516
464,542
464,643
464,804
464,821
464,860
464,893
464,933
464,960
465,468
465,473
465,489
465,490
465,491
465,515
465,539
465,548
465,552
465,557
465,559
465,561
465,562
465,567
465,582
465,586
465,590
465,594
465,597
465,615
465,622
465,624
465,641
465,644
465,650
465,655
465,656
465,662
465,698
465,705
465,708
465,714
465,718
465,720
465,727
465,738
465,753
465,761
465,774
465,779
465,796
465,800
465,828
465,844
465,855
465,887
465,891
465,912
465,938
465,944
465,960
465,962
465,968
465,973
465,993
466,515
466,520
466,525
466,529
466,538
466,551
466,552
466,557
466,559
466,574
466,586
466,629
466,633
466,667
466,672
466,682
466,685
466,688
466,705
466,708
466,713
466,718
466,737
466,749
466,751
466,755
466,762
466,777
466,778
466,779
466,796
466,797
466,801
466,807
466,830
466,832
466,844
466,848
466,862
466,871
466,885
466,925
466,940
466,950
466,951
466,959
466,965
467,475
467,481
467,482
467,484
467,491
467,515
467,526
467,552
467,557
467,559
467,567
467,576
467,582
467,583
467,586
467,588
467,590
467,599
467,619
467,622
467,632
467,643
467,645
467,665
467,688
467,698
467,700
467,705
467,716
467,718
467,720
467,743
467,749
467,757
467,760
467,766
467,774
467,777
467,779
467,783
467,788
467,791
467,796
467,799
467,800
467,816
467,818
467,828
467,830
467,844
467,849
467,892
467,897
467,922
467,939
467,940
467,962
467,993
468,491
468,553
468,580
468,590
468,644
468,652
468,718
468,796
468,962
468,993
469,516
469,517
469,550
469,693
469,855
469,895
469,914
469,924
469,928
469,931
469,941
469,957
470,493
470,562
470,620
470,649
470,836
470,876
470,896
471,475
471,485
471,500
471,509
471,510
471,524
471,526
471,532
471,539
471,542
471,547
471,560
471,566
471,568
471,573
471,574
471,580
471,598
471,603
471,606
471,608
471,611
471,617
471,627
471,628
471,652
471,656
471,659
471,681
471,696
471,700
471,709
471,727
471,740
471,743
471,753
471,757
471,778
471,785
471,788
471,800
471,802
471,816
471,822
471,831
471,860
471,866
471,874
471,893
471,903
471,907
471,914
471,944
471,957
471,961
471,971
471,986
471,992
471,997
471,998
472,493
472,529
472,557
472,580
472,617
472,660
472,672
472,676
472,684
472,762
472,765
472,778
472,832
472,861
472,927
472,949
472,959
473,504
473,548
473,562
473,601
473,655
473,706
473,887
473,902
473,930
473,941
473,946
474,573
474,651
474,717
474,785
474,793
474,813
474,895
475,485
475,494
475,495
475,504
475,510
475,523
475,532
475,542
475,547
475,560
475,573
475,574
475,606
475,617
475,622
475,628
475,652
475,661
475,696
475,709
475,740
475,743
475,757
475,761
475,802
475,881
475,907
475,916
475,941
475,945
475,955
475,995
475,997
476,521
476,535
476,689
476,837
476,841
476,857
476,895
476,926
476,928
476,972
476,978
477,566
477,630
477,650
477,708
477,714
477,731
477,799
477,805
477,860
477,873
477,890
477,937
477,939
477,982
478,497
478,532
478,580
478,584
478,680
478,701
478,703
478,704
478,727
478,752
478,839
478,893
478,997
479,514
479,587
479,683
479,699
479,744
479,760
479,837
479,978
479,983
480,560
480,701
480,733
480,946
481,634
481,643
481,829
481,972
482,487
482,491
482,515
482,545
482,546
482,548
482,552
482,556
482,559
482,563
482,582
482,583
482,584
482,586
482,590
482,601
482,619
482,622
482,639
482,653
482,658
482,668
482,687
482,706
482,710
482,714
482,720
482,749
482,760
482,766
482,767
482,774
482,776
482,779
482,790
482,796
482,802
482,805
482,806
482,828
482,844
482,862
482,891
482,903
482,918
482,943
482,945
482,962
483,530
483,569
483,684
483,742
483,789
483,855
483,993
484,535
484,558
484,582
484,590
484,732
484,832
484,935
484,962
485,495
485,497
485,510
485,524
485,531
485,532
485,542
485,547
485,558
485,560
485,566
485,568
485,573
485,574
485,577
485,578
485,580
485,603
485,606
485,608
485,617
485,627
485,628
485,631
485,642
485,652
485,659
485,666
485,678
485,681
485,692
485,695
485,696
485,700
485,704
485,709
485,739
485,740
485,743
485,750
485,757
485,780
485,785
485,788
485,791
485,802
485,816
485,821
485,822
485,831
485,841
485,843
485,846
485,856
485,874
485,893
485,903
485,904
485,907
485,916
485,921
485,942
485,953
485,957
485,968
485,971
485,986
485,997
485,998
486,494
486,499
486,514
486,531
486,780
486,809
486,820
486,822
486,949
486,959
487,564
487,591
487,618
487,877
487,901
487,961
487,992
488,505
488,522
488,525
488,529
488,538
488,548
488,551
488,557
488,559
488,561
488,574
488,586
488,591
488,610
488,613
488,629
488,631
488,632
488,633
488,655
488,667
488,672
488,675
488,685
488,698
488,705
488,708
488,714
488,716
488,720
488,737
488,751
488,755
488,762
488,774
488,777
488,778
488,796
488,797
488,801
488,807
488,832
488,844
488,848
488,855
488,862
488,864
488,866
488,871
488,887
488,891
488,911
488,940
488,958
488,959
488,965
488,991
489,490
489,517
489,539
489,570
489,594
489,597
489,615
489,641
489,644
489,650
489,651
489,654
489,656
489,662
489,708
489,727
489,738
489,749
489,753
489,761
489,768
489,915
489,944
489,960
489,963
489,973
490,512
490,517
490,539
490,559
490,568
490,577
490,582
490,590
490,594
490,597
490,601
490,615
490,622
490,641
490,644
490,648
490,653
490,654
490,656
490,662
490,689
490,700
490,708
490,724
490,733
490,738
490,753
490,761
490,768
490,774
490,792
490,826
490,841
490,913
490,944
490,960
490,962
490,963
490,973
490,982
491,497
491,515
491,517
491,526
491,548
491,552
491,557
491,559
491,567
491,572
491,576
491,582
491,583
491,586
491,590
491,599
491,619
491,622
491,643
491,655
491,668
491,684
491,688
491,698
491,705
491,714
491,718
491,720
491,737
491,749
491,766
491,767
491,774
491,777
491,778
491,779
491,791
491,796
491,799
491,800
491,805
491,824
491,828
491,830
491,844
491,887
491,891
491,897
491,940
491,962
491,968
491,980
491,982
491,993
492,501
492,503
492,508
492,545
492,546
492,550
492,563
492,613
492,639
492,660
492,706
492,745
492,776
492,790
492,865
492,881
492,883
492,918
492,943
492,951
493,494
493,525
493,529
493,541
493,557
493,562
493,574
493,631
493,632
493,648
493,672
493,708
493,713
493,732
493,762
493,765
493,777
493,778
493,799
493,807
493,815
493,830
493,832
493,848
493,900
493,907
493,927
493,940
493,949
493,950
493,955
493,959
494,511
494,540
494,586
494,632
494,689
494,802
494,934
494,947
495,505
495,510
495,532
495,542
495,556
495,562
495,606
495,607
495,630
495,655
495,667
495,698
495,708
495,709
495,731
495,732
495,769
495,781
495,846
495,860
495,873
495,887
495,902
495,913
495,937
495,980
495,986
496,497
496,610
496,760
496,784
496,915
496,936
497,515
497,524
497,526
497,552
497,557
497,558
497,560
497,568
497,574
497,582
497,590
497,607
497,631
497,659
497,698
497,709
497,720
497,768
497,828
497,868
497,962
498,534
498,584
498,785
498,786
498,803
498,955
498,974
498,988
499,595
499,650
499,659
499,661
499,689
499,827
499,852
499,937
499,953
499,981
499,982
500,509
500,725
500,808
500,950
501,543
501,545
501,555
501,659
501,724
501,743
501,791
501,840
501,895
501,921
501,968
501,971
502,520
502,611
502,640
502,692
502,814
502,844
502,854
502,865
502,897
502,974
502,980
503,527
503,595
503,598
503,629
503,633
503,652
503,681
503,712
503,737
503,791
503,878
503,910
503,959
504,517
504,558
504,572
504,589
504,604
504,642
504,666
504,678
504,791
504,815
504,914
504,931
504,942
504,956
504,957
504,959
504,968
504,972
504,974
504,986
505,556
505,612
505,793
505,820
505,823
505,860
505,871
505,873
505,890
505,937
505,945
505,950
505,952
505,968
506,509
506,542
506,567
506,589
506,601
506,614
506,628
506,749
506,789
506,858
506,886
506,899
506,950
506,952
506,964
507,547
507,570
507,595
507,692
507,740
507,756
507,787
507,789
507,836
507,838
507,936
507,966
508,545
508,546
508,561
508,617
508,781
508,954
509,601
509,619
509,623
509,644
509,839
509,872
509,956
509,968
510,524
510,532
510,542
510,547
510,558
510,560
510,566
510,568
510,573
510,574
510,580
510,597
510,603
510,606
510,611
510,617
510,620
510,628
510,652
510,659
510,666
510,681
510,696
510,709
510,730
510,740
510,743
510,757
510,785
510,788
510,800
510,802
510,816
510,822
510,831
510,863
510,869
510,874
510,903
510,907
510,916
510,921
510,936
510,957
510,986
510,997
511,672
511,702
511,764
511,771
511,827
512,670
512,712
512,980
513,526
513,532
513,599
513,604
513,647
513,651
513,657
513,678
513,692
513,720
513,732
513,821
513,913
513,921
513,927
513,928
513,952
513,968
514,564
514,619
514,714
514,774
514,872
514,885
514,905
515,525
515,552
515,557
515,559
515,567
515,574
515,576
515,582
515,583
515,586
515,590
515,599
515,619
515,622
515,665
515,668
515,688
515,698
515,701
515,705
515,708
515,713
515,714
515,718
515,720
515,722
515,749
515,762
515,766
515,767
515,774
515,777
515,778
515,779
515,796
515,797
515,799
515,805
515,815
515,817
515,828
515,830
515,832
515,844
515,848
515,918
515,929
515,940
515,950
515,959
515,962
515,965
515,968
515,993
515,999
516,635
516,640
516,668
516,690
516,763
516,799
516,860
516,893
516,937
517,539
517,557
517,572
517,582
517,586
517,590
517,615
517,628
517,652
517,654
517,656
517,662
517,727
517,738
517,753
517,761
517,768
517,774
517,792
517,800
517,859
517,864
517,897
517,914
517,931
517,957
517,960
517,963
517,987
517,993
518,568
518,644
518,704
518,758
518,762
518,773
518,780
518,795
518,808
518,845
518,852
518,948
519,576
519,609
519,612
519,637
519,682
519,826
519,923
519,990
520,551
520,642
520,725
520,737
520,785
520,801
520,810
520,819
520,844
520,862
520,922
520,943
521,532
521,565
521,636
521,716
521,771
521,782
521,808
521,896
521,947
522,525
522,529
522,538
522,551
522,552
522,557
522,559
522,583
522,629
522,631
522,633
522,650
522,660
522,665
522,667
522,669
522,672
522,675
522,682
522,685
522,698
522,705
522,708
522,714
522,718
522,737
522,749
522,751
522,755
522,762
522,774
522,777
522,778
522,779
522,783
522,791
522,796
522,797
522,801
522,808
522,830
522,832
522,844
522,848
522,862
522,871
522,891
522,904
522,911
522,915
522,920
522,935
522,940
522,959
522,965
522,973
522,988
523,555
523,579
523,645
523,840
523,890
523,948
523,977
524,532
524,542
524,547
524,560
524,566
524,568
524,573
524,574
524,580
524,602
524,603
524,606
524,617
524,620
524,646
524,652
524,681
524,696
524,700
524,704
524,709
524,714
524,740
524,743
524,757
524,759
524,788
524,802
524,817
524,822
524,831
524,874
524,882
524,907
524,914
524,957
524,986
524,992
524,997
525,529
525,538
525,548
525,551
525,552
525,557
525,559
525,586
525,610
525,615
525,629
525,631
525,633
525,648
525,655
525,667
525,669
525,672
525,682
525,685
525,698
525,705
525,708
525,713
525,718
525,737
525,738
525,744
525,749
525,751
525,755
525,762
525,768
525,774
525,777
525,778
525,779
525,786
525,796
525,797
525,801
525,803
525,830
525,832
525,845
525,848
525,862
525,871
525,887
525,891
525,911
525,940
525,950
525,959
525,965
525,967
526,547
526,557
526,559
526,564
526,565
526,566
526,574
526,582
526,583
526,590
526,603
526,616
526,619
526,622
526,688
526,698
526,709
526,717
526,718
526,720
526,740
526,758
526,759
526,766
526,774
526,779
526,791
526,796
526,799
526,818
526,822
526,828
526,844
526,877
526,897
526,910
526,933
526,945
526,962
526,993
527,531
527,656
527,739
527,754
527,811
527,931
527,968
528,541
528,566
528,607
528,771
529,538
529,548
529,551
529,552
529,557
529,574
529,586
529,622
529,629
529,631
529,633
529,655
529,667
529,669
529,672
529,675
529,682
529,685
529,708
529,718
529,737
529,751
529,755
529,762
529,777
529,778
529,779
529,797
529,801
529,803
529,830
529,832
529,848
529,862
529,871
529,894
529,911
529,940
529,949
529,950
529,959
529,965
530,557
530,568
530,668
530,673
530,750
530,794
530,811
530,847
530,882
530,893
530,969
531,542
531,560
531,568
531,580
531,617
531,642
531,659
531,699
531,729
531,736
531,767
531,802
531,813
531,822
531,861
531,868
531,903
531,904
531,934
531,941
531,986
532,542
532,547
532,552
532,556
532,560
532,566
532,568
532,573
532,580
532,598
532,603
532,606
532,608
532,617
532,627
532,629
532,652
532,681
532,685
532,696
532,700
532,704
532,709
532,718
532,731
532,740
532,743
532,755
532,757
532,777
532,779
532,785
532,788
532,797
532,802
532,816
532,822
532,830
532,831
532,837
532,871
532,893
532,903
532,907
532,921
532,938
532,940
532,941
532,952
532,957
532,959
532,968
532,986
532,997
533,579
533,673
533,689
533,706
533,708
533,741
533,879
534,539
534,594
534,650
534,656
534,660
534,671
534,691
534,738
534,739
534,753
534,803
534,864
534,938
535,645
535,664
535,783
535,793
535,794
535,850
535,942
536,568
536,701
536,707
536,744
536,770
536,793
536,813
536,839
536,846
536,867
536,955
536,961
537,548
537,572
537,604
537,644
537,655
537,712
537,808
537,837
537,887
537,899
537,948
537,960
538,548
538,551
538,552
538,557
538,559
538,574
538,580
538,586
538,606
538,610
538,629
538,631
538,633
538,655
538,665
538,667
538,672
538,675
538,685
538,692
538,704
538,705
538,708
538,713
538,714
538,718
538,725
538,737
538,751
538,755
538,762
538,777
538,778
538,779
538,796
538,797
538,801
538,830
538,832
538,844
538,848
538,851
538,862
538,871
538,887
538,891
538,895
538,911
538,940
538,959
538,965
538,973
538,997
539,542
539,547
539,570
539,580
539,581
539,587
539,594
539,597
539,611
539,615
539,624
539,641
539,644
539,650
539,654
539,656
539,662
539,681
539,691
539,699
539,708
539,709
539,713
539,727
539,733
539,738
539,740
539,743
539,753
539,761
539,768
539,815
539,816
539,826
539,827
539,853
539,855
539,902
539,912
539,944
539,960
539,963
539,970
539,978
539,982
539,997
540,544
540,561
540,577
540,684
540,715
540,744
540,821
540,848
540,879
540,891
540,950
540,953
541,643
541,648
541,674
541,687
541,829
541,857
541,913
541,955
541,988
542,547
542,560
542,566
542,568
542,573
542,574
542,580
542,594
542,598
542,601
542,603
542,606
542,608
542,615
542,617
542,620
542,627
542,628
542,629
542,632
542,633
542,652
542,653
542,656
542,659
542,667
542,681
542,685
542,696
542,700
542,704
542,709
542,713
542,727
542,730
542,731
542,740
542,743
542,749
542,753
542,755
542,757
542,768
542,777
542,778
542,785
542,788
542,800
542,801
542,802
542,814
542,816
542,822
542,826
542,830
542,831
542,856
542,862
542,871
542,874
542,893
542,896
542,903
542,907
542,911
542,914
542,940
542,944
542,945
542,950
542,957
542,986
542,997
543,787
543,795
543,808
543,813
543,884
543,919
543,963
543,988
544,609
544,660
544,680
544,712
544,727
544,759
544,833
544,851
544,879
544,961
544,992
545,546
545,550
545,563
545,613
545,639
545,660
545,661
545,706
545,715
545,745
545,760
545,776
545,790
545,795
545,819
545,874
545,909
545,918
545,921
545,936
545,942
545,943
545,951
545,973
546,563
546,639
546,660
546,694
546,706
546,743
546,745
546,760
546,776
546,790
546,791
546,795
546,803
546,819
546,840
546,918
546,936
546,943
546,951
547,560
547,568
547,573
547,574
547,580
547,582
547,598
547,600
547,601
547,603
547,604
547,606
547,609
547,611
547,617
547,620
547,625
547,627
547,628
547,636
547,652
547,656
547,659
547,660
547,681
547,696
547,700
547,709
547,727
547,740
547,743
547,749
547,753
547,756
547,757
547,774
547,788
547,800
547,802
547,816
547,822
547,831
547,840
547,866
547,874
547,893
547,903
547,907
547,921
547,957
547,970
547,984
547,986
547,997
548,551
548,552
548,557
548,559
548,571
548,582
548,583
548,587
548,590
548,592
548,629
548,631
548,633
548,637
548,655
548,662
548,667
548,668
548,685
548,698
548,708
548,714
548,717
548,720
548,737
548,743
548,746
548,749
548,751
548,755
548,774
548,777
548,779
548,796
548,801
548,805
548,844
548,848
548,855
548,862
548,864
548,882
548,884
548,887
548,891
548,912
548,916
548,940
548,950
548,958
548,962
548,965
548,991
549,618
549,639
549,719
549,750
549,804
549,952
549,986
550,556
550,563
550,583
550,590
550,601
550,604
550,613
550,639
550,705
550,760
550,776
550,790
550,840
550,844
550,861
550,897
550,911
550,918
550,927
550,943
550,950
550,953
550,966
550,969
551,552
551,557
551,559
551,574
551,580
551,586
551,606
551,610
551,614
551,629
551,631
551,633
551,655
551,667
551,672
551,675
551,685
551,705
551,708
551,713
551,714
551,718
551,720
551,725
551,732
551,737
551,749
551,751
551,755
551,762
551,774
551,777
551,778
551,779
551,788
551,797
551,801
551,813
551,830
551,832
551,844
551,848
551,851
551,862
551,871
551,887
551,891
551,895
551,911
551,940
551,957
551,959
551,965
551,973
551,995
551,997
552,557
552,559
552,567
552,574
552,580
552,582
552,583
552,586
552,590
552,599
552,619
552,622
552,629
552,631
552,632
552,633
552,655
552,665
552,667
552,668
552,672
552,682
552,685
552,688
552,698
552,705
552,708
552,713
552,714
552,718
552,720
552,737
552,746
552,749
552,755
552,762
552,766
552,767
552,768
552,774
552,777
552,778
552,779
552,788
552,796
552,797
552,801
552,807
552,828
552,830
552,832
552,844
552,848
552,862
552,871
552,887
552,891
552,907
552,911
552,925
552,940
552,950
552,959
552,962
552,965
552,993
553,682
553,692
553,920
553,995
554,614
554,653
555,648
555,669
555,733
555,734
555,776
555,809
555,845
556,627
556,663
556,732
556,760
556,774
556,802
556,820
556,840
556,877
556,881
556,925
556,948
556,963
556,968
557,559
557,580
557,582
557,583
557,586
557,589
557,590
557,599
557,600
557,606
557,619
557,622
557,629
557,631
557,633
557,655
557,667
557,672
557,685
557,688
557,698
557,705
557,707
557,708
557,713
557,714
557,718
557,720
557,737
557,738
557,746
557,749
557,755
557,761
557,762
557,766
557,767
557,774
557,777
557,778
557,779
557,796
557,797
557,801
557,807
557,814
557,828
557,830
557,832
557,844
557,848
557,858
557,862
557,871
557,887
557,891
557,902
557,911
557,940
557,943
557,944
557,950
557,959
557,960
557,962
557,965
557,993
557,999
558,608
558,709
559,567
559,574
559,576
559,582
559,583
559,586
559,590
559,599
559,616
559,619
559,622
559,629
559,631
559,633
559,655
559,665
559,667
559,672
559,685
559,688
559,698
559,705
559,708
559,713
559,714
559,716
559,718
559,720
559,737
559,746
559,749
559,755
559,762
559,766
559,774
559,777
559,778
559,779
559,791
559,796
559,797
559,799
559,800
559,801
559,807
559,828
559,830
559,832
559,844
559,848
559,862
559,871
559,882
559,886
559,887
559,891
559,892
559,903
559,921
559,931
559,940
559,950
559,959
559,962
559,965
559,978
559,980
559,982
559,993
560,566
560,568
560,573
560,574
560,580
560,593
560,603
560,606
560,608
560,611
560,617
560,625
560,628
560,638
560,652
560,659
560,681
560,696
560,709
560,740
560,743
560,745
560,757
560,788
560,800
560,802
560,816
560,822
560,831
560,866
560,874
560,903
560,907
560,912
560,914
560,921
560,957
560,979
560,986
560,997
561,571
561,605
561,636
561,725
561,909
561,924
562,648
562,660
562,739
562,754
562,856
562,870
562,897
562,916
562,921
562,974
563,639
563,660
563,671
563,706
563,729
563,745
563,760
563,776
563,790
563,819
563,838
563,840
563,859
563,918
563,943
563,951
563,957
564,649
564,694
564,714
564,715
564,722
564,767
564,799
564,829
564,884
565,600
565,661
565,735
565,816
565,921
565,979
566,573
566,580
566,594
566,603
566,606
566,617
566,652
566,659
566,690
566,695
566,696
566,709
566,740
566,743
566,788
566,806
566,822
566,831
566,907
566,914
566,930
566,957
566,964
566,992
566,997
567,581
567,582
567,583
567,586
567,590
567,622
567,677
567,688
567,695
567,717
567,718
567,720
567,740
567,749
567,766
567,768
567,774
567,777
567,779
567,791
567,796
567,800
567,828
567,830
567,844
567,849
567,850
567,939
567,940
567,962
567,968
567,980
567,993
568,570
568,574
568,580
568,596
568,598
568,600
568,603
568,606
568,608
568,617
568,644
568,652
568,659
568,662
568,681
568,696
568,700
568,709
568,740
568,743
568,756
568,775
568,783
568,786
568,793
568,802
568,816
568,822
568,831
568,874
568,907
568,919
568,946
568,957
568,968
568,969
568,997
569,571
569,647
569,653
569,677
569,746
569,855
569,985
570,578
570,600
570,614
570,615
570,641
570,654
570,662
570,692
570,733
570,738
570,749
570,753
570,768
570,771
570,787
570,796
570,806
570,827
570,882
570,906
570,907
570,960
570,963
571,581
571,605
571,655
571,714
571,720
571,756
571,769
571,838
571,844
571,864
571,882
571,887
571,891
571,915
571,916
571,988
571,990
572,584
572,589
572,604
572,640
572,655
572,657
572,693
572,707
572,715
572,774
572,779
572,812
572,846
572,895
572,899
572,914
572,951
572,978
573,580
573,603
573,606
573,608
573,617
573,620
573,627
573,628
573,652
573,659
573,666
573,681
573,696
573,709
573,732
573,740
573,743
573,757
573,785
573,788
573,797
573,802
573,816
573,822
573,903
573,907
573,914
573,931
573,957
573,965
573,986
573,997
574,578
574,580
574,583
574,598
574,603
574,606
574,611
574,617
574,629
574,631
574,633
574,636
574,652
574,659
574,665
574,672
574,681
574,682
574,685
574,688
574,696
574,705
574,709
574,713
574,714
574,717
574,718
574,720
574,737
574,740
574,743
574,751
574,755
574,757
574,762
574,774
574,777
574,778
574,785
574,797
574,801
574,803
574,807
574,822
574,830
574,831
574,832
574,844
574,848
574,862
574,871
574,874
574,911
574,920
574,940
574,949
574,950
574,957
574,965
574,997
574,998
575,579
575,657
575,884
575,937
575,969
575,972
575,980
575,983
576,582
576,583
576,590
576,619
576,622
576,647
576,688
576,698
576,710
576,720
576,744
576,750
576,757
576,761
576,774
576,796
576,799
576,828
576,844
576,920
576,962
576,981
576,993
577,599
577,636
577,653
577,671
577,703
577,710
577,720
577,808
577,898
577,929
577,937
577,977
577,981
577,990
578,588
578,593
578,630
578,632
578,652
578,702
578,731
578,806
578,809
578,814
578,890
578,937
578,980
578,985
579,631
579,648
579,673
579,824
579,833
580,595
580,597
580,598
580,603
580,606
580,608
580,611
580,615
580,617
580,620
580,627
580,628
580,629
580,641
580,652
580,656
580,659
580,667
580,672
580,681
580,685
580,696
580,700
580,709
580,718
580,727
580,728
580,737
580,738
580,740
580,743
580,749
580,753
580,755
580,756
580,757
580,762
580,768
580,777
580,778
580,785
580,788
580,794
580,796
580,797
580,800
580,801
580,802
580,816
580,822
580,830
580,831
580,836
580,837
580,862
580,874
580,893
580,903
580,904
580,907
580,914
580,921
580,931
580,940
580,957
580,970
580,986
580,992
580,997
581,588
581,630
581,656
581,681
581,727
581,731
581,738
581,744
581,753
581,821
581,855
581,897
581,907
581,921
581,925
581,939
581,953
581,988
582,583
582,586
582,588
582,590
582,599
582,619
582,622
582,632
582,655
582,668
582,688
582,698
582,700
582,705
582,714
582,718
582,720
582,734
582,744
582,750
582,766
582,774
582,779
582,791
582,796
582,799
582,800
582,824
582,828
582,844
582,873
582,886
582,887
582,891
582,910
582,962
582,968
582,980
582,981
582,993
583,586
583,590
583,592
583,593
583,599
583,619
583,622
583,655
583,665
583,688
583,698
583,705
583,714
583,718
583,720
583,741
583,749
583,766
583,774
583,779
583,791
583,796
583,800
583,805
583,828
583,830
583,844
583,866
583,887
583,891
583,903
583,910
583,925
583,931
583,940
583,956
583,962
583,980
583,993
584,603
584,631
584,756
584,762
584,959
584,974
585,673
585,824
585,913
585,935
586,590
586,619
586,622
586,629
586,631
586,632
586,633
586,655
586,665
586,667
586,672
586,682
586,685
586,688
586,698
586,705
586,708
586,713
586,714
586,718
586,720
586,737
586,749
586,751
586,755
586,762
586,766
586,774
586,777
586,778
586,779
586,796
586,797
586,801
586,828
586,830
586,832
586,844
586,848
586,862
586,871
586,887
586,911
586,940
586,943
586,950
586,959
586,962
586,965
586,980
586,993
587,645
587,649
587,655
587,699
587,702
587,717
587,724
587,753
587,816
587,887
587,898
587,921
587,955
587,967
587,981
588,590
588,630
588,632
588,731
588,752
588,754
588,779
588,811
588,828
588,860
588,890
588,952
588,970
589,643
589,672
589,686
589,769
589,867
589,879
589,999
590,599
590,619
590,622
590,655
590,688
590,698
590,700
590,705
590,714
590,718
590,720
590,746
590,749
590,750
590,766
590,774
590,777
590,779
590,791
590,796
590,799
590,800
590,817
590,824
590,828
590,830
590,844
590,849
590,861
590,887
590,891
590,897
590,914
590,940
590,959
590,962
590,968
590,980
590,982
590,993
591,814
591,850
591,852
591,983
592,646
592,655
592,659
592,671
592,727
592,791
592,804
592,805
592,826
592,866
592,886
592,891
592,918
592,941
592,951
592,990
593,594
593,657
593,750
593,841
593,857
593,888
593,934
593,972
594,615
594,641
594,644
594,650
594,656
594,662
594,727
594,738
594,753
594,761
594,768
594,848
594,885
594,907
594,923
594,944
594,950
594,960
594,963
594,972
594,973
594,983
595,631
595,715
595,764
595,789
595,848
595,917
595,975
596,644
596,725
596,803
596,806
596,966
597,603
597,615
597,641
597,644
597,654
597,656
597,662
597,696
597,708
597,723
597,727
597,738
597,744
597,753
597,761
597,768
597,787
597,792
597,812
597,840
597,906
597,960
597,963
598,606
598,617
598,664
598,696
598,702
598,709
598,740
598,743
598,747
598,781
598,788
598,822
598,835
598,907
598,957
598,981
598,997
599,622
599,688
599,750
599,774
599,828
599,854
599,879
599,897
599,927
599,962
599,993
600,618
600,707
600,715
600,733
600,842
600,866
600,895
600,919
601,605
601,615
601,641
601,662
601,695
601,709
601,718
601,768
601,789
601,798
601,829
601,848
601,867
601,886
601,911
601,913
601,950
601,956
601,988
602,607
602,618
602,674
602,803
602,900
603,606
603,608
603,609
603,611
603,617
603,620
603,625
603,627
603,628
603,629
603,636
603,652
603,659
603,681
603,685
603,696
603,709
603,737
603,740
603,743
603,755
603,757
603,785
603,788
603,800
603,801
603,802
603,816
603,822
603,831
603,862
603,874
603,893
603,903
603,907
603,911
603,914
603,931
603,957
603,986
603,992
603,997
604,666
604,680
604,711
604,739
604,780
604,790
604,846
604,907
604,918
604,925
604,986
605,646
605,655
605,719
605,767
605,864
605,882
605,891
605,924
605,928
605,971
606,611
606,617
606,620
606,625
606,627
606,628
606,629
606,633
606,638
606,652
606,659
606,667
606,672
606,681
606,685
606,695
606,696
606,700
606,709
606,713
606,737
606,740
606,743
606,749
606,751
606,755
606,757
606,762
606,768
606,778
606,785
606,788
606,797
606,800
606,801
606,802
606,816
606,822
606,830
606,831
606,851
606,860
606,862
606,866
606,871
606,874
606,893
606,903
606,907
606,911
606,914
606,921
606,931
606,950
606,957
606,965
606,982
606,986
606,997
607,702
607,762
607,886
607,906
607,924
608,617
608,659
608,681
608,709
608,757
608,760
608,785
608,823
608,855
608,903
608,907
608,940
608,957
608,980
608,997
609,613
609,661
609,682
609,733
609,814
609,831
609,848
609,850
609,855
609,879
609,937
609,950
610,615
610,629
610,631
610,633
610,662
610,667
610,675
610,685
610,704
610,705
610,713
610,714
610,737
610,751
610,755
610,792
610,801
610,832
610,844
610,862
610,871
610,895
610,911
610,965
611,617
611,656
611,659
611,681
611,696
611,709
611,727
611,740
611,743
611,753
611,757
611,804
611,810
611,822
611,863
611,907
611,944
611,964
611,970
611,976
611,997
612,712
612,784
612,849
612,885
612,918
613,628
613,639
613,662
613,680
613,695
613,776
613,790
613,833
613,913
613,943
613,960
613,963
613,964
613,973
614,618
614,630
614,662
614,697
614,736
614,803
614,880
614,911
614,914
614,931
615,641
615,644
615,650
615,654
615,656
615,662
615,682
615,691
615,708
615,727
615,738
615,749
615,753
615,761
615,768
615,787
615,792
615,830
615,841
615,843
615,848
615,906
615,912
615,940
615,944
615,950
615,960
615,963
615,982
615,988
615,997
616,635
616,746
616,749
616,795
616,947
616,980
617,620
617,624
617,627
617,628
617,648
617,652
617,659
617,681
617,696
617,709
617,727
617,740
617,743
617,752
617,757
617,767
617,774
617,785
617,788
617,796
617,798
617,800
617,816
617,822
617,831
617,866
617,874
617,884
617,893
617,903
617,907
617,914
617,931
617,957
617,986
617,992
617,997
618,624
618,742
618,801
618,821
618,994
619,622
619,659
619,665
619,688
619,705
619,714
619,716
619,718
619,720
619,742
619,766
619,769
619,774
619,796
619,799
619,805
619,813
619,828
619,844
619,877
619,956
619,962
619,980
619,993
620,624
620,696
620,709
620,740
620,743
620,788
620,822
620,831
620,907
620,970
620,986
621,647
621,657
621,728
621,883
622,665
622,667
622,672
622,688
622,698
622,700
622,705
622,714
622,718
622,720
622,749
622,755
622,762
622,766
622,774
622,779
622,788
622,791
622,796
622,799
622,800
622,804
622,807
622,817
622,824
622,828
622,830
622,832
622,844
622,876
622,877
622,886
622,897
622,910
622,940
622,959
622,962
622,968
622,980
622,993
623,704
623,716
623,723
623,809
623,958
623,989
623,992
624,664
624,726
624,753
624,837
624,859
624,878
624,963
625,675
625,740
625,777
625,788
625,838
625,872
625,907
625,937
625,941
625,963
625,999
626,666
627,652
627,696
627,709
627,740
627,743
627,757
627,774
627,788
627,800
627,816
627,822
627,907
627,921
627,923
627,957
627,997
628,652
628,663
628,681
628,696
628,709
628,740
628,743
628,757
628,778
628,788
628,802
628,811
628,816
628,822
628,862
628,879
628,893
628,907
628,957
628,986
628,997
629,631
629,633
629,655
629,667
629,672
629,675
629,685
629,695
629,705
629,708
629,713
629,714
629,718
629,720
629,737
629,740
629,751
629,755
629,757
629,762
629,768
629,774
629,777
629,778
629,779
629,788
629,796
629,797
629,801
629,813
629,830
629,832
629,844
629,848
629,862
629,863
629,871
629,887
629,891
629,895
629,911
629,940
629,959
629,965
629,973
629,997
630,638
630,677
630,712
630,731
630,754
630,764
630,811
630,821
630,860
630,873
630,890
630,895
630,937
630,939
630,952
630,968
630,980
630,987
631,633
631,653
631,659
631,665
631,667
631,668
631,669
631,672
631,677
631,680
631,682
631,685
631,705
631,708
631,714
631,718
631,720
631,737
631,751
631,755
631,762
631,774
631,777
631,778
631,779
631,797
631,801
631,803
631,830
631,832
631,844
631,848
631,862
631,871
631,882
631,891
631,898
631,911
631,913
631,940
631,949
631,950
631,951
631,959
631,965
631,988
632,672
632,675
632,749
632,762
632,774
632,779
632,803
632,814
632,844
632,871
632,907
632,937
632,938
632,940
632,971
633,655
633,665
633,667
633,672
633,675
633,685
633,705
633,708
633,713
633,714
633,718
633,720
633,725
633,737
633,751
633,755
633,762
633,777
633,778
633,779
633,796
633,797
633,801
633,830
633,832
633,844
633,848
633,862
633,871
633,882
633,887
633,891
633,895
633,904
633,911
633,932
633,940
633,959
633,965
633,973
633,991
633,997
634,894
635,672
635,765
635,780
635,899
635,983
636,696
636,709
636,733
636,743
636,835
636,878
636,932
636,950
636,954
636,958
636,986
637,770
637,887
637,891
637,926
637,930
638,674
638,678
638,707
638,728
638,750
638,769
638,805
638,904
638,923
638,956
638,986
639,660
639,681
639,706
639,710
639,743
639,745
639,760
639,770
639,776
639,790
639,794
639,819
639,833
639,840
639,880
639,918
639,943
639,951
639,957
639,973
640,786
640,945
640,953
640,978
641,644
641,654
641,656
641,662
641,691
641,708
641,727
641,738
641,753
641,761
641,768
641,770
641,786
641,787
641,792
641,841
641,843
641,906
641,944
641,960
641,963
641,973
641,982
642,659
642,706
642,826
642,921
642,927
642,936
642,953
642,968
642,992
643,698
643,779
643,818
643,857
643,993
644,654
644,656
644,662
644,689
644,699
644,708
644,727
644,738
644,749
644,753
644,761
644,768
644,821
644,906
644,912
644,944
644,960
644,963
644,973
644,985
645,668
645,694
645,717
645,781
645,898
646,677
646,731
646,788
646,791
646,861
646,875
646,882
646,900
646,931
646,948
647,656
647,659
647,782
647,797
647,906
647,935
647,981
648,669
648,760
648,762
648,777
648,778
648,779
648,780
648,797
648,798
648,873
648,900
648,902
648,911
648,929
648,940
648,959
648,999
649,707
649,708
649,717
649,722
649,791
649,797
649,809
649,814
649,830
649,845
649,856
649,861
649,939
649,996
650,656
650,672
650,675
650,677
650,691
650,708
650,727
650,738
650,746
650,753
650,761
650,762
650,778
650,811
650,832
650,857
650,912
650,944
650,960
650,973
650,977
650,982
651,702
651,763
651,799
651,813
651,819
651,872
651,904
651,969
652,659
652,677
652,681
652,693
652,696
652,702
652,709
652,714
652,737
652,740
652,743
652,756
652,757
652,767
652,774
652,785
652,802
652,815
652,822
652,849
652,860
652,893
652,907
652,914
652,920
652,933
652,957
652,997
653,766
653,792
653,803
653,935
653,984
653,987
654,656
654,662
654,674
654,682
654,708
654,727
654,735
654,738
654,753
654,761
654,768
654,786
654,787
654,792
654,841
654,865
654,906
654,912
654,960
654,963
654,980
654,982
655,667
655,668
655,685
655,698
655,705
655,708
655,714
655,716
655,717
655,718
655,720
655,737
655,743
655,749
655,751
655,755
655,774
655,777
655,779
655,796
655,801
655,830
655,848
655,854
655,862
655,864
655,882
655,884
655,887
655,891
655,912
655,940
655,950
655,958
655,962
655,965
655,991
656,662
656,681
656,691
656,699
656,708
656,709
656,713
656,727
656,733
656,738
656,740
656,743
656,753
656,761
656,768
656,816
656,826
656,902
656,912
656,944
656,960
656,963
656,970
656,978
656,982
656,997
657,853
657,863
657,898
657,903
658,687
658,724
658,921
658,934
658,935
658,938
658,943
659,666
659,680
659,681
659,689
659,696
659,709
659,725
659,740
659,743
659,756
659,757
659,785
659,822
659,853
659,874
659,903
659,909
659,917
659,929
659,957
659,986
659,997
660,676
660,691
660,706
660,716
660,726
660,743
660,756
660,776
660,819
660,840
660,864
660,916
660,918
660,927
660,943
660,974
660,979
661,691
661,757
661,844
661,854
661,892
662,691
662,708
662,727
662,738
662,753
662,761
662,768
662,770
662,792
662,879
662,906
662,912
662,944
662,960
662,963
662,973
662,982
663,805
663,846
663,902
663,952
664,698
664,807
664,827
664,836
664,845
665,672
665,682
665,685
665,705
665,708
665,714
665,751
665,756
665,777
665,779
665,797
665,801
665,803
665,826
665,830
665,832
665,839
665,848
665,871
665,891
665,911
665,940
665,950
665,959
665,962
665,988
666,709
666,711
666,739
666,740
666,743
666,822
666,946
667,672
667,675
667,685
667,705
667,708
667,713
667,714
667,718
667,737
667,740
667,749
667,751
667,755
667,757
667,762
667,777
667,778
667,779
667,797
667,801
667,830
667,832
667,844
667,848
667,851
667,861
667,862
667,871
667,887
667,891
667,895
667,911
667,940
667,959
667,965
667,973
667,974
667,997
668,704
668,803
668,848
668,859
668,882
668,950
668,982
669,672
669,744
669,762
669,770
669,777
669,778
669,779
669,795
669,800
669,805
669,816
669,832
669,848
669,865
669,904
669,940
669,950
669,959
670,686
670,780
670,855
670,953
671,785
671,842
671,957
672,682
672,685
672,705
672,708
672,713
672,714
672,718
672,737
672,749
672,751
672,755
672,762
672,774
672,777
672,778
672,779
672,796
672,797
672,800
672,801
672,803
672,810
672,830
672,832
672,844
672,848
672,858
672,862
672,871
672,891
672,903
672,911
672,940
672,949
672,950
672,959
672,965
672,967
673,692
673,763
673,888
673,999
674,721
674,724
674,783
674,936
675,685
675,692
675,705
675,737
675,751
675,755
675,762
675,801
675,813
675,817
675,820
675,862
675,871
675,911
675,923
675,965
675,986
676,751
676,784
676,858
676,859
676,898
676,950
676,982
676,993
677,721
677,727
677,813
677,821
677,831
677,873
677,939
677,968
677,985
678,707
678,758
678,801
678,903
678,990
679,687
679,731
679,759
679,816
679,826
679,829
679,887
679,934
680,732
680,909
680,966
681,696
681,709
681,711
681,727
681,729
681,740
681,743
681,753
681,757
681,759
681,794
681,798
681,816
681,822
681,840
681,851
681,853
681,866
681,874
681,903
681,907
681,912
681,957
681,975
681,997
682,713
682,718
682,748
682,749
682,750
682,758
682,762
682,768
682,777
682,778
682,779
682,797
682,830
682,832
682,842
682,848
682,855
682,871
682,935
682,940
682,950
682,959
683,739
683,770
683,835
683,852
683,892
683,925
684,714
684,881
684,882
684,899
685,705
685,708
685,709
685,713
685,714
685,718
685,720
685,725
685,737
685,740
685,749
685,751
685,755
685,757
685,762
685,774
685,777
685,778
685,779
685,788
685,797
685,801
685,830
685,832
685,844
685,848
685,851
685,862
685,871
685,882
685,887
685,891
685,895
685,911
685,940
685,959
685,965
685,973
685,997
686,750
686,825
686,847
686,869
686,910
686,917
687,688
687,770
687,901
687,948
687,979
688,694
688,698
688,705
688,708
688,713
688,714
688,718
688,720
688,722
688,737
688,749
688,760
688,762
688,766
688,774
688,777
688,778
688,779
688,783
688,796
688,797
688,800
688,807
688,828
688,830
688,832
688,844
688,897
688,939
688,940
688,950
688,959
688,962
688,965
688,993
690,723
690,857
690,906
691,708
691,710
691,727
691,731
691,738
691,753
691,768
691,788
691,826
691,902
691,908
691,912
691,937
691,960
691,963
691,982
691,997
692,714
692,740
692,742
692,744
692,822
692,849
692,882
692,929
692,965
693,696
693,818
693,902
693,978
694,700
694,746
694,879
694,911
694,961
694,968
694,994
695,761
695,779
695,801
695,811
695,829
695,917
695,930
695,950
695,983
695,991
695,997
696,709
696,727
696,740
696,743
696,757
696,758
696,768
696,778
696,785
696,788
696,796
696,800
696,802
696,816
696,822
696,831
696,837
696,866
696,874
696,893
696,903
696,907
696,914
696,921
696,931
696,956
696,957
696,970
696,984
696,986
696,997
697,744
697,746
697,857
697,911
697,972
697,982
698,708
698,713
698,714
698,718
698,720
698,732
698,746
698,749
698,766
698,774
698,777
698,779
698,785
698,791
698,796
698,797
698,828
698,830
698,832
698,844
698,845
698,848
698,866
698,887
698,891
698,910
698,929
698,940
698,950
698,962
698,993
699,739
699,747
699,751
699,753
699,754
699,760
699,857
699,944
700,709
700,731
700,740
700,774
700,781
700,788
700,800
700,844
700,846
700,868
700,893
700,969
700,997
701,798
701,819
701,826
701,845
701,880
701,916
701,979
702,723
702,747
702,820
702,875
702,908
702,927
702,942
703,726
703,757
703,865
703,923
703,931
703,935
703,947
704,723
704,791
704,807
704,822
704,847
704,858
704,859
704,893
704,933
704,934
704,978
704,991
705,708
705,713
705,714
705,718
705,720
705,725
705,737
705,749
705,751
705,755
705,762
705,766
705,774
705,777
705,778
705,779
705,796
705,797
705,801
705,828
705,830
705,832
705,844
705,861
705,862
705,871
705,887
705,911
705,940
705,959
705,962
705,965
705,973
705,993
706,734
706,745
706,760
706,776
706,790
706,795
706,819
706,822
706,832
706,849
706,856
706,918
706,936
706,943
706,951
706,959
706,998
707,903
707,929
708,713
708,714
708,718
708,727
708,737
708,738
708,751
708,753
708,755
708,761
708,762
708,768
708,774
708,777
708,778
708,779
708,787
708,796
708,797
708,801
708,807
708,830
708,832
708,841
708,843
708,844
708,848
708,862
708,865
708,871
708,887
708,891
708,902
708,906
708,911
708,912
708,940
708,944
708,949
708,950
708,959
708,960
708,963
708,965
708,973
708,982
709,727
709,740
709,743
709,755
709,757
709,774
709,785
709,788
709,800
709,802
709,816
709,822
709,831
709,840
709,850
709,866
709,874
709,893
709,903
709,907
709,914
709,957
709,986
709,997
710,778
710,799
710,807
710,820
710,824
710,960
711,730
711,732
711,816
711,817
711,900
712,939
712,983
713,718
713,737
713,749
713,751
713,755
713,757
713,762
713,777
713,778
713,779
713,788
713,796
713,797
713,801
713,807
713,830
713,832
713,844
713,848
713,862
713,871
713,911
713,940
713,950
713,959
713,965
713,974
714,718
714,720
714,737
714,751
714,754
714,755
714,762
714,766
714,773
714,774
714,777
714,778
714,779
714,796
714,797
714,798
714,801
714,805
714,807
714,828
714,830
714,832
714,844
714,848
714,862
714,864
714,871
714,877
714,882
714,887
714,888
714,891
714,898
714,902
714,910
714,911
714,912
714,914
714,929
714,930
714,940
714,950
714,955
714,959
714,962
714,965
714,973
714,980
714,981
714,991
715,722
715,817
715,926
716,718
716,776
716,777
716,782
716,791
716,796
716,797
716,830
716,848
716,913
716,940
716,950
717,781
717,829
717,842
717,856
717,864
717,887
717,998
718,720
718,737
718,746
718,749
718,755
718,762
718,766
718,774
718,777
718,778
718,779
718,796
718,797
718,799
718,801
718,828
718,830
718,832
718,844
718,848
718,862
718,871
718,887
718,897
718,911
718,940
718,943
718,950
718,959
718,962
718,965
718,993
718,999
719,742
719,744
719,781
719,855
719,985
720,737
720,749
720,766
720,774
720,779
720,791
720,796
720,799
720,800
720,805
720,828
720,830
720,844
720,861
720,871
720,872
720,877
720,886
720,887
720,891
720,940
720,962
720,965
720,990
720,993
721,792
721,816
721,867
721,886
721,989
722,743
722,775
722,777
722,783
722,809
722,810
722,817
722,853
722,863
722,925
722,950
723,752
723,773
723,947
723,987
724,770
724,855
724,897
724,925
724,936
724,985
725,737
725,755
725,801
725,833
725,852
725,854
725,862
725,871
725,908
725,987
726,769
726,923
726,928
727,738
727,740
727,743
727,753
727,761
727,790
727,813
727,816
727,855
727,912
727,932
727,944
727,960
727,963
727,997
728,763
728,802
728,853
728,923
729,961
730,748
730,754
730,765
730,781
730,882
730,892
730,918
730,986
731,759
731,764
731,766
731,788
731,811
731,821
731,851
731,860
731,873
731,890
731,912
731,915
731,937
731,938
731,939
731,942
731,952
731,953
731,968
731,985
732,760
732,762
732,785
733,793
733,852
733,889
733,976
734,827
734,958
735,792
735,910
735,927
735,975
735,991
736,813
736,835
736,846
736,876
736,894
736,935
736,978
737,740
737,749
737,751
737,755
737,762
737,774
737,777
737,778
737,779
737,788
737,797
737,801
737,830
737,832
737,844
737,848
737,862
737,871
737,887
737,891
737,895
737,911
737,940
737,959
737,965
737,973
737,991
737,997
738,753
738,761
738,768
738,792
738,835
738,841
738,906
738,912
738,944
738,950
738,960
738,963
738,976
738,982
738,997
739,919
739,920
739,940
739,941
739,950
739,953
739,955
740,743
740,753
740,755
740,757
740,768
740,778
740,785
740,788
740,794
740,802
740,816
740,822
740,831
740,860
740,862
740,866
740,874
740,884
740,893
740,903
740,907
740,914
740,931
740,957
740,970
740,986
740,997
740,998
741,788
742,748
742,798
742,805
742,813
742,850
742,855
743,757
743,768
743,774
743,778
743,788
743,800
743,802
743,816
743,822
743,831
743,837
743,840
743,866
743,874
743,887
743,893
743,896
743,903
743,907
743,912
743,914
743,921
743,931
743,957
743,970
743,986
743,997
744,759
744,762
744,786
744,817
744,915
744,918
744,983
745,776
745,790
745,795
745,796
745,819
745,849
745,924
745,936
745,943
745,981
746,749
746,777
746,778
746,779
746,796
746,805
746,828
746,830
746,836
746,845
746,867
746,870
746,872
746,921
746,931
746,940
746,957
747,811
747,854
748,868
748,873
748,883
748,907
748,929
749,755
749,762
749,766
749,768
749,774
749,775
749,777
749,778
749,779
749,796
749,797
749,805
749,807
749,828
749,830
749,832
749,844
749,848
749,858
749,880
749,931
749,940
749,950
749,959
749,962
750,758
750,774
750,800
750,842
750,854
750,868
750,926
751,755
751,762
751,774
751,777
751,778
751,796
751,797
751,801
751,830
751,832
751,844
751,848
751,851
751,862
751,871
751,882
751,887
751,891
751,895
751,911
751,940
751,946
751,959
751,965
751,973
751,981
752,772
752,831
752,833
752,840
752,921
753,761
753,768
753,813
753,815
753,816
753,826
753,827
753,853
753,855
753,902
753,912
753,944
753,960
753,963
753,970
753,982
753,997
754,762
754,774
754,811
754,844
754,860
754,873
754,875
754,890
754,921
754,937
754,950
754,980
754,992
755,757
755,762
755,774
755,777
755,778
755,779
755,788
755,797
755,801
755,830
755,832
755,844
755,848
755,851
755,861
755,862
755,866
755,871
755,887
755,891
755,895
755,911
755,940
755,957
755,959
755,965
755,973
755,997
756,858
756,906
756,980
757,762
757,778
757,785
757,788
757,797
757,801
757,802
757,816
757,822
757,831
757,840
757,862
757,866
757,871
757,874
757,903
757,907
757,912
757,914
757,916
757,931
757,957
757,984
757,986
757,992
757,997
758,766
758,793
758,800
758,874
758,929
758,957
758,992
759,813
759,814
759,842
759,851
759,947
759,993
760,776
760,795
760,803
760,819
760,823
760,828
760,840
760,891
760,918
760,922
760,936
760,939
760,943
760,951
760,961
760,973
761,768
761,787
761,841
761,857
761,906
761,912
761,913
761,942
761,944
761,960
761,963
761,973
762,768
762,777
762,778
762,779
762,796
762,797
762,801
762,803
762,807
762,811
762,830
762,832
762,844
762,848
762,862
762,871
762,896
762,903
762,911
762,937
762,940
762,950
762,959
762,965
763,808
763,975
764,770
764,799
764,821
764,860
764,873
764,937
764,938
764,939
764,964
764,968
764,979
764,980
765,820
765,851
765,994
766,774
766,779
766,791
766,796
766,800
766,805
766,828
766,844
766,849
766,860
766,877
766,891
766,929
766,936
766,962
766,980
766,993
767,773
767,898
767,904
767,908
767,942
767,952
767,956
768,777
768,787
768,792
768,828
768,830
768,841
768,848
768,874
768,888
768,906
768,907
768,912
768,940
768,950
768,960
768,962
768,963
768,970
768,997
769,918
770,778
770,819
770,853
770,927
770,950
770,959
771,782
771,805
771,827
771,864
771,931
771,998
771,999
772,774
772,780
772,918
772,955
772,985
772,996
772,998
773,798
773,834
773,836
773,846
773,994
774,777
774,778
774,779
774,791
774,796
774,797
774,800
774,822
774,828
774,830
774,844
774,850
774,854
774,866
774,876
774,882
774,886
774,887
774,891
774,901
774,914
774,929
774,940
774,952
774,959
774,961
774,962
774,981
774,984
774,993
775,779
775,896
776,790
776,795
776,796
776,811
776,819
776,840
776,918
776,943
776,951
776,978
777,778
777,779
777,796
777,797
777,801
777,805
777,807
777,826
777,829
777,830
777,832
777,844
777,848
777,862
777,871
777,887
777,891
777,896
777,911
777,925
777,940
777,950
777,959
777,962
777,965
777,999
778,779
778,796
778,797
778,800
778,801
778,803
778,807
778,828
778,830
778,832
778,844
778,848
778,855
778,862
778,871
778,911
778,940
778,949
778,950
778,959
778,960
778,965
778,988
778,990
779,796
779,797
779,801
779,828
779,830
779,832
779,844
779,848
779,871
779,882
779,887
779,892
779,896
779,911
779,925
779,929
779,936
779,940
779,943
779,950
779,952
779,959
779,962
779,965
779,993
779,999
780,802
780,811
780,817
780,871
780,897
781,812
781,817
781,859
781,861
781,867
781,894
781,896
781,978
781,994
782,851
782,896
782,909
783,788
784,809
784,825
784,873
784,914
784,996
785,803
785,822
785,907
785,957
785,971
785,983
785,997
786,836
786,933
786,960
786,967
787,828
787,906
787,922
787,960
788,797
788,801
788,816
788,822
788,830
788,831
788,862
788,874
788,884
788,890
788,903
788,905
788,907
788,911
788,957
788,959
788,992
788,993
788,997
789,798
789,840
789,908
789,909
790,795
790,796
790,797
790,805
790,819
790,840
790,847
790,856
790,876
790,918
790,943
790,951
791,796
791,800
791,824
791,828
791,844
791,856
791,866
791,877
791,910
791,914
791,962
791,974
791,993
792,812
792,960
792,963
792,982
793,799
793,813
793,838
793,897
793,993
794,810
794,825
794,836
794,918
794,979
795,811
795,819
795,831
795,838
795,845
795,856
795,934
795,936
795,943
795,978
796,797
796,814
796,818
796,828
796,830
796,832
796,844
796,848
796,849
796,887
796,904
796,907
796,910
796,940
796,943
796,950
796,962
796,965
796,980
796,993
797,801
797,805
797,807
797,821
797,830
797,832
797,848
797,862
797,871
797,903
797,907
797,911
797,914
797,940
797,949
797,950
797,957
797,959
797,965
799,800
799,807
799,811
799,828
799,844
799,886
799,949
799,962
799,993
800,822
800,824
800,828
800,844
800,914
800,931
800,957
800,962
800,982
800,993
800,997
801,813
801,830
801,832
801,844
801,848
801,851
801,862
801,866
801,871
801,887
801,891
801,895
801,911
801,924
801,940
801,959
801,965
801,973
802,805
802,816
802,818
802,822
802,829
802,846
802,857
802,894
802,898
802,916
802,948
802,969
802,992
802,997
803,832
803,842
803,849
803,914
803,915
803,959
803,996
804,901
805,830
805,857
805,872
805,940
805,952
805,978
805,980
805,986
806,822
806,824
806,910
806,939
806,986
807,810
807,830
807,832
807,847
807,848
807,855
807,901
807,940
807,959
809,952
809,966
809,978
810,836
810,941
810,976
811,832
811,844
811,860
811,991
811,993
812,836
812,851
812,961
812,977
812,980
813,846
813,851
813,895
813,896
813,903
813,940
814,901
815,838
815,840
815,903
815,994
816,822
816,840
816,856
816,877
816,907
816,948
816,953
816,992
816,997
817,888
817,909
817,986
818,882
818,928
819,840
819,936
819,943
819,946
819,951
819,972
819,977
819,978
819,999
820,823
820,836
820,909
820,947
821,857
821,860
821,879
821,882
821,890
821,915
821,933
821,937
821,939
821,945
821,952
821,953
821,962
821,968
821,975
821,982
821,985
822,831
822,874
822,903
822,904
822,907
822,914
822,921
822,957
822,970
822,986
822,997
822,998
823,845
823,851
823,861
823,888
823,919
824,833
824,838
824,968
825,935
826,827
826,860
826,869
826,933
826,966
827,878
827,880
827,900
827,913
827,932
827,987
828,830
828,844
828,854
828,877
828,884
828,891
828,914
828,940
828,962
828,980
828,993
829,848
829,940
829,950
829,999
830,832
830,844
830,848
830,858
830,862
830,866
830,871
830,881
830,887
830,896
830,907
830,911
830,925
830,931
830,940
830,943
830,950
830,952
830,957
830,959
830,962
830,965
830,993
831,903
831,907
831,951
831,957
831,997
832,844
832,848
832,858
832,862
832,871
832,887
832,891
832,911
832,940
832,949
832,950
832,959
832,965
832,974
832,988
833,845
833,929
833,934
834,865
834,908
834,983
835,845
835,860
835,966
836,919
836,926
836,994
837,865
838,919
838,931
838,972
839,868
839,875
839,879
839,932
839,937
839,941
839,966
840,902
840,911
840,918
840,927
840,943
840,989
840,999
841,960
842,866
842,913
842,934
842,938
843,846
843,879
843,906
843,960
843,988
844,862
844,871
844,876
844,877
844,891
844,903
844,910
844,911
844,925
844,940
844,962
844,977
844,980
844,993
845,846
845,883
845,902
845,922
846,933
846,980
847,962
847,991
848,862
848,864
848,871
848,887
848,891
848,899
848,903
848,911
848,940
848,950
848,959
848,965
848,990
848,998
848,999
849,981
850,881
851,862
851,924
851,957
851,965
851,973
852,896
852,991
853,855
853,908
853,959
853,984
855,858
855,864
855,885
855,887
855,912
855,917
855,932
855,946
856,865
856,913
856,941
856,953
857,902
857,909
857,918
857,923
857,978
857,984
858,999
859,885
859,896
859,897
859,929
859,954
859,996
860,873
860,890
860,912
860,937
860,939
860,952
860,953
860,969
860,975
860,980
860,985
862,871
862,887
862,891
862,895
862,911
862,940
862,959
862,965
862,973
862,997
863,866
863,869
863,897
864,887
864,891
864,912
864,916
864,958
864,973
864,985
864,991
866,900
866,914
866,926
866,940
866,997
867,892
867,989
867,996
868,946
868,947
868,969
868,973
869,908
869,920
869,941
870,902
870,935
871,882
871,887
871,895
871,911
871,924
871,932
871,940
871,959
871,965
871,973
871,991
872,886
873,890
873,937
873,939
873,952
873,969
873,971
873,977
873,980
873,985
874,907
874,913
874,931
874,957
874,982
874,986
874,990
874,997
875,918
876,915
876,924
877,962
878,931
879,939
879,953
879,985
880,933
881,884
881,926
881,952
881,956
882,887
882,891
882,911
882,916
882,948
882,986
883,979
884,887
884,964
884,971
885,892
885,943
885,983
886,912
886,941
886,984
887,891
887,911
887,912
887,916
887,940
887,950
887,958
887,962
887,965
887,991
888,961
888,996
889,914
889,942
889,961
890,925
890,937
890,939
890,942
890,952
890,968
890,980
890,985
891,911
891,912
891,940
891,945
891,950
891,958
891,959
891,962
891,965
891,991
892,909
892,983
893,907
893,914
893,938
893,970
893,997
894,936
895,902
895,911
896,940
897,924
897,993
898,934
898,941
898,955
899,943
899,950
899,990
900,914
900,948
900,958
900,978
901,964
901,976
901,982
902,935
902,955
903,907
903,921
903,931
903,957
903,959
903,997
904,952
904,995
905,970
906,960
906,971
907,914
907,927
907,931
907,950
907,957
907,986
907,992
907,997
908,912
908,945
908,952
909,917
909,948
909,974
910,924
910,934
911,924
911,940
911,957
911,959
911,965
911,973
911,997
912,915
912,944
912,952
912,960
912,968
912,973
912,991
913,950
913,960
913,974
914,931
914,957
914,997
915,921
915,970
915,977
915,979
916,988
917,922
918,943
918,951
918,983
920,941
920,944
921,927
921,941
921,974
921,984
922,939
923,963
924,978
925,940
925,948
925,978
926,985
927,987
929,964
931,934
931,957
931,963
931,997
933,956
934,979
935,966
936,948
937,939
937,941
937,952
937,953
937,968
937,980
937,984
937,985
939,952
939,953
939,962
939,968
939,985
940,950
940,959
940,962
940,965
940,993
940,999
941,961
941,968
941,974
941,986
942,959
942,968
943,951
944,960
944,980
945,978
946,966
946,981
948,968
949,959
949,978
950,959
950,990
950,998
950,999
951,974
952,953
952,968
952,984
953,968
953,980
954,955
955,966
956,980
957,997
958,971
959,965
959,967
960,963
960,973
960,982
962,968
962,980
962,993
963,982
964,987
964,997
965,973
965,997
968,971
969,971
969,992
970,997
973,984
980,993
982,998
986,997
